blind_name,yes_yes,yes_no,no_yes,no_no,blind_rate
find-a-corresponding-node-of-a-binary-tree-in-a-clone-of-that-tree-Solution.getTargetCopy,43,44,5,8,0.5057471264367817
prime-palindrome-Solution.primePalindrome,44,43,6,7,0.4942528735632184
campus-bikes-ii-Solution2.assignBikes,49,38,5,8,0.4367816091954023
sell-diminishing-valued-colored-balls-Solution.maxProfit,49,38,3,10,0.4367816091954023
check-if-a-word-occurs-as-a-prefix-of-any-word-in-a-sentence-Solution.isPrefixOfWord,50,37,7,6,0.42528735632183906
game-of-life-Solution.gameOfLife,51,36,5,8,0.41379310344827586
minimum-moves-to-move-a-box-to-their-target-location-Solution.minPushBox,52,35,3,10,0.40229885057471265
set-matrix-zeroes-Solution.setZeroes,52,35,1,12,0.40229885057471265
missing-element-in-sorted-array-Solution.missingElement,53,34,6,7,0.39080459770114945
partition-array-into-disjoint-intervals-Solution.partitionDisjoint,53,34,5,8,0.39080459770114945
sum-of-number-and-its-reverse-Solution2.sumOfNumberAndReverse,53,34,8,5,0.39080459770114945
ransom-note-Solution.canConstruct,54,33,5,8,0.3793103448275862
reverse-string-Solution.reverseString,54,33,5,8,0.3793103448275862
design-twitter-Twitter.getNewsFeed,55,32,4,9,0.367816091954023
find-resultant-array-after-removing-anagrams-Solution2.removeAnagrams,55,32,5,8,0.367816091954023
design-a-todo-list-TodoList2.addTask,56,31,4,9,0.3563218390804598
correct-a-binary-tree-Solution.correctBinaryTree,57,30,5,8,0.3448275862068966
decoded-string-at-index-Solution.decodeAtIndex,57,30,5,8,0.3448275862068966
duplicate-zeros-Solution.duplicateZeros,57,30,5,8,0.3448275862068966
find-the-largest-palindrome-divisible-by-k-Solution.largestPalindrome,57,30,6,7,0.3448275862068966
maximum-strong-pair-xor-i-Solution3.maximumStrongPairXor,57,30,5,8,0.3448275862068966
rotate-image-Solution.rotate,57,30,3,10,0.3448275862068966
copy-list-with-random-pointer-Solution2.copyRandomList,58,29,4,9,0.3333333333333333
kth-missing-positive-number-Solution.findKthPositive,58,29,5,8,0.3333333333333333
sort-even-and-odd-indices-independently-Solution2.sortEvenOdd,58,29,4,9,0.3333333333333333
surrounded-regions-Solution.solve,58,29,4,9,0.3333333333333333
apply-operations-to-make-sum-of-array-greater-than-or-equal-to-k-Solution.minOperations,59,28,7,6,0.3218390804597701
decrypt-string-from-alphabet-to-integer-mapping-Solution2.freqAlphabets,59,28,5,8,0.3218390804597701
distribute-candies-among-children-iii-Solution.distributeCandies,59,28,3,10,0.3218390804597701
k-similar-strings-Solution.kSimilarity,59,28,4,9,0.3218390804597701
palindrome-permutation-ii-Solution.permuteUniqueRecu,59,28,7,6,0.3218390804597701
basic-calculator-Solution2.calculate,60,27,5,8,0.3103448275862069
island-perimeter-Solution.islandPerimeter,60,27,4,9,0.3103448275862069
maximum-height-by-stacking-cuboids-Solution.maxHeight,60,27,5,8,0.3103448275862069
number-of-days-between-two-dates-Solution.daysBetweenDates,60,27,2,11,0.3103448275862069
number-of-unique-good-subsequences-Solution.numberOfUniqueGoodSubsequences,60,27,3,10,0.3103448275862069
product-of-the-last-k-numbers-ProductOfNumbers.add,60,27,5,8,0.3103448275862069
smallest-number-in-infinite-set-SmallestInfiniteSet.popSmallest,60,27,6,7,0.3103448275862069
sum-of-all-odd-length-subarrays-Solution.sumOddLengthSubarrays,60,27,4,9,0.3103448275862069
the-latest-time-to-catch-a-bus-Solution.latestTimeCatchTheBus,60,27,4,9,0.3103448275862069
word-squares-Solution.wordSquares,60,27,7,6,0.3103448275862069
maximum-employees-to-be-invited-to-a-meeting-Solution.maximumInvitations,61,26,6,7,0.2988505747126437
robot-room-cleaner-Solution.cleanRoom,61,26,1,12,0.2988505747126437
shortest-bridge-Solution.shortestBridge,61,26,3,10,0.2988505747126437
divide-an-array-into-subarrays-with-minimum-cost-ii-Solution3.minimumCost,62,25,5,8,0.28735632183908044
reverse-words-in-a-string-iii-Solution.reverseWords,62,25,5,8,0.28735632183908044
symmetric-tree-Solution.isSymmetric,62,25,4,9,0.28735632183908044
find-the-minimum-possible-sum-of-a-beautiful-array-Solution.minimumPossibleSum,63,24,5,8,0.27586206896551724
maximum-subarray-sum-with-one-deletion-Solution.maximumSum,63,24,7,6,0.27586206896551724
summary-ranges-Solution.summaryRanges,63,24,5,8,0.27586206896551724
word-search-ii-Solution.findWords,63,24,6,7,0.27586206896551724
collect-coins-in-a-tree-Solution.collectTheCoins,64,23,1,12,0.26436781609195403
count-integers-with-even-digit-sum-Solution2.countEven,64,23,6,7,0.26436781609195403
find-closest-node-to-given-two-nodes-Solution.closestMeetingNode,64,23,6,7,0.26436781609195403
k-concatenation-maximum-sum-Solution.kConcatenationMaxSum,64,23,4,9,0.26436781609195403
minimum-operations-to-collect-elements-Solution.minOperations,64,23,8,5,0.26436781609195403
number-of-burgers-with-no-waste-of-ingredients-Solution.numOfBurgers,64,23,2,11,0.26436781609195403
numbers-with-repeated-digits-Solution.numDupDigitsAtMostN,64,23,5,8,0.26436781609195403
basic-calculator-iii-Solution2.calculate,65,22,6,7,0.25287356321839083
count-substrings-that-satisfy-k-constraint-ii-Solution.countKConstraintSubstrings,65,22,6,7,0.25287356321839083
longest-increasing-subsequence-SegmentTree.query,65,22,4,9,0.25287356321839083
number-of-nodes-with-value-one-Solution2.numberOfNodes,65,22,9,4,0.25287356321839083
regular-expression-matching-Solution3.isMatch,65,22,5,8,0.25287356321839083
reverse-nodes-in-k-group-Solution.reverseKGroup,65,22,3,10,0.25287356321839083
shortest-and-lexicographically-smallest-beautiful-string-Solution.shortestBeautifulSubstring,65,22,6,7,0.25287356321839083
verbal-arithmetic-puzzle-Solution.isSolvable,65,22,3,10,0.25287356321839083
design-a-leaderboard-Leaderboard.top,66,21,6,7,0.2413793103448276
implement-rand10-using-rand7-Solution.rand10,66,21,8,5,0.2413793103448276
number-of-good-paths-UnionFind.union_set,66,21,5,8,0.2413793103448276
number-of-ways-to-stay-in-the-same-place-after-some-steps-Solution.numWays,66,21,7,6,0.2413793103448276
strobogrammatic-number-iii-Solution.countStrobogrammaticUntil,66,21,4,9,0.2413793103448276
calculate-money-in-leetcode-bank-Solution.totalMoney,67,20,3,10,0.22988505747126436
check-if-there-is-a-valid-path-in-a-grid-Solution.hasValidPath,67,20,3,10,0.22988505747126436
design-a-stack-with-increment-operation-CustomStack.pop,67,20,7,6,0.22988505747126436
iterator-for-combination-CombinationIterator2.__iterative_backtracking,67,20,8,5,0.22988505747126436
stream-of-characters2-AhoTrie.__create_ac_suffix_and_output_links,67,20,2,11,0.22988505747126436
word-break-ii-Solution.wordBreak,67,20,7,6,0.22988505747126436
find-first-and-last-position-of-element-in-sorted-array-Solution.searchRange,68,19,6,7,0.21839080459770116
minimum-moves-to-equal-array-elements-ii-Solution.minMoves2,68,19,6,7,0.21839080459770116
word-ladder-ii-Solution2.findLadders,68,19,7,6,0.21839080459770116
check-if-point-is-reachable-Solution.isReachable,69,18,9,4,0.20689655172413793
count-sorted-vowel-strings-Solution.countVowelStrings,69,18,4,9,0.20689655172413793
number-of-ways-to-separate-numbers-Solution.numberOfCombinations,69,18,6,7,0.20689655172413793
string-matching-in-an-array-Solution2.stringMatching,69,18,7,6,0.20689655172413793
design-front-middle-back-queue-FrontMiddleBackQueue.popFront,70,17,6,7,0.19540229885057472
find-elements-in-a-contaminated-binary-tree-FindElements.__init__,70,17,8,5,0.19540229885057472
majority-element-ii-Solution.majorityElement,70,17,7,6,0.19540229885057472
smallest-integer-divisible-by-k-Solution.smallestRepunitDivByK,70,17,3,10,0.19540229885057472
subarrays-distinct-element-sum-of-squares-i-Solution2.sumCounts,70,17,8,5,0.19540229885057472
sum-of-all-subset-xor-totals-Solution.subsetXORSum,70,17,2,11,0.19540229885057472
maximize-number-of-nice-divisors-Solution.maxNiceDivisors,71,16,4,9,0.1839080459770115
sum-game-Solution.sumGame,71,16,7,6,0.1839080459770115
erect-the-fence-Solution.outerTrees,72,15,4,9,0.1724137931034483
minimum-time-to-type-word-using-special-typewriter-Solution.minTimeToType,72,15,4,9,0.1724137931034483
strong-password-checker-Solution.strongPasswordChecker,72,15,3,10,0.1724137931034483
valid-number-Solution.isNumber,73,14,3,10,0.16091954022988506
unique-binary-search-trees-ii-TreeNode.__repr__,74,13,7,6,0.14942528735632185
words-within-two-edits-of-dictionary-Solution.twoEditWords,74,13,6,7,0.14942528735632185
android-unlock-patterns-Solution2.numberOfPatterns,78,9,6,7,0.10344827586206896
stream-of-characters-AhoTrie.__get_ac_node_outputs,78,9,9,4,0.10344827586206896
