case_id,vuln_type,audit_report,input_token_num,output_token_num,inference_time
1,CWE-918,"YES
The code is vulnerable to SSRF because it retrieves the contents of a URL from an external source. This could be used to access resources on the server that the application is not authorized to access. 
",1535,44,2.7282471656799316
2,CWE-918,"NO 
",935,4,0.3951849937438965
3,CWE-601,"YES
The code uses a `union_set` function that modifies the `set` and `cnt` data structures. This function is vulnerable to a potential race condition, as it does not properly handle the case where the `set` and `cnt` data structures are modified concurrently. 

This could lead to unexpected behavior, such as data corruption or incorrect results. 
",2379,78,4.805423736572266
4,CWE-601,"YES
The code uses a user-controlled input to build a link to an external site. This could be exploited to redirect the user to a malicious site. 
",1285,35,2.1612603664398193
5,CWE-918,"YES
The code is vulnerable to SSRF because it allows the server to act as a proxy for any URL provided in the request. This means an attacker could potentially send a request to a URL on a different server, and the server would respond with the contents of that URL. 
",1026,59,3.516894817352295
6,CWE-918,"YES
The code is vulnerable to SSRF because it allows the server to act as a proxy for any URL provided in the request. This means an attacker could potentially send a request to a URL on a different server, and the server would respond with the contents of that URL. 
",1026,59,3.5371134281158447
7,CWE-918,"YES
 
The code uses `db.Books.data.any(db.Data.format == extension)` to filter data. This could be used to construct URLs to unexpected hosts or ports, potentially allowing an attacker to access data they shouldn't. 
",712,56,3.293621301651001
8,CWE-918,"YES
 
The code uses `db.Books.data.any(db.Data.format == extension)` to filter data. This could be used to construct URLs to unexpected hosts or ports, potentially allowing an attacker to access data they shouldn't. 
",712,56,3.423828125
9,CWE-918,"YES
 
The code uses `db.Books.series.any` to filter books based on series. This allows an attacker to potentially craft a query that includes a series that doesn't exist.  The code then uses `db.Series.id` to retrieve the series. This could be used to access data on the server that is not intended to be accessed. 
",712,80,4.6777567863464355
10,CWE-918,"YES
 
The code uses `db.Books.series.any` to filter books based on series. This allows an attacker to potentially craft a query that includes a series that doesn't exist.  The code then uses `db.Series.id` to retrieve the series. This could be used to access internal systems or resources that are not intended to be accessed. 
",712,80,4.655682325363159
11,CWE-918,"YES
 
The code uses `union_set` function which is vulnerable to a potential SSRF attack.  The function uses `self.find_set` to determine the sets of elements.  The function then uses `self.set` to determine the union of the sets.  The function then uses `self.rank` to determine the rank of the sets.  The function then uses `self.cnt` to determine the count of the sets.  The function then uses `cx*cy` to determine the product of the counts.  The function then returns the product of the counts.  The function is vulnerable to a potential SSRF attack because the function uses `self.find_set` to determine the sets of elements.  The function then uses `self.set` to determine the union of the sets.  The function then uses `self.rank` to determine the rank of the sets.  The function then uses `self.cnt` to determine the count of the sets.  The function then uses `cx*cy` to determine the product of the counts.  The function then returns the product of the counts.  The function is vulnerable to a potential SSRF attack because the function uses `self.find_set` to determine the sets of elements.  The function then uses `self.set` to determine the union of the sets.  The function then uses `self.rank` to determine the rank of the sets",764,301,17.0489501953125
12,CWE-918,"YES
 
The code uses `union_set` function which is vulnerable to a potential SSRF attack.  The function uses `self.find_set` to determine the sets of elements.  The function then uses `self.set` to determine the union of the sets.  The function then uses `self.rank` to determine the rank of the sets.  The function then uses `self.cnt` to determine the count of the sets.  The function then uses `cx*cy` to determine the product of the counts.  The function then returns the product of the counts.  The function is vulnerable to a potential SSRF attack because the function uses `self.find_set` to determine the sets of elements.  The function then uses `self.set` to determine the union of the sets.  The function then uses `self.rank` to determine the rank of the sets.  The function then uses `self.cnt` to determine the count of the sets.  The function then uses `cx*cy` to determine the product of the counts.  The function then returns the product of the counts.  The function is vulnerable to a potential SSRF attack because the function uses `self.find_set` to determine the sets of elements.  The function then uses `self.set` to determine the union of the sets.  The function then uses `self.rank` to determine the rank of the sets",764,301,17.15688419342041
13,CWE-918,"YES
The code is vulnerable to CWE-918 (Server-Side Request Forgery) because it retrieves data from external URLs based on user input. This could be exploited by an attacker to access sensitive information or perform actions on the server. 
",1350,53,3.2923343181610107
14,CWE-918,"YES
The code is vulnerable to CWE-918 (Server-Side Request Forgery (SSRF)). 

Here's why:

* **URL Resolution:** The code fetches data from the database based on the `db.Authors.sort` column. This column is used to sort the authors.
* **Potential for Malicious Input:** An attacker could craft a URL that includes the `db.Authors.sort` column, potentially leading to the server making requests to unintended locations. 
* **Uncontrolled Access:** The code doesn't adequately validate or sanitize the input from the `db.Authors.sort` column. This allows an attacker to potentially access resources they shouldn't. 


Let me know if you'd like a more detailed explanation of how this vulnerability works. 
",1350,169,9.779558658599854
15,CWE-918,"YES
 
The code is vulnerable to CWE-918 (Server-Side Request Forgery) because it retrieves data from URLs based on user input.  This could be exploited to access resources on the server that the user is not authorized to access. 
",1206,56,3.4440739154815674
16,CWE-918,"YES
 
The code is vulnerable to CWE-918 (Server-Side Request Forgery (SSRF)) because it retrieves data from URLs based on user input.  This could be exploited to access internal systems or resources that the server is not authorized to access. 
",1206,59,3.5748746395111084
17,CWE-918,"YES
The code is vulnerable to SSRF because it retrieves content from URLs provided by the user. This could be exploited to access internal systems or resources that are not intended to be accessed from outside the server. 
",2270,45,2.936638116836548
18,CWE-918,"YES
The code is vulnerable to SSRF because it retrieves content from URLs provided by the user. This could be exploited to access internal systems or resources that are not intended to be accessed from outside the server. 
",2270,45,2.937293767929077
19,CWE-918,"YES
The code uses `ub.session.query` to retrieve data from the database. This query can be used to access data from other systems, potentially including internal network resources. This is a classic example of a SSRF vulnerability. 
",1160,51,3.094774007797241
20,CWE-918,"YES
The code uses `ub.session.query` to retrieve data from the database. This query can be used to access data from other systems, potentially including internal network resources. This could be exploited by an attacker to access sensitive information or perform unauthorized actions. 
",1160,56,3.470271110534668
21,CWE-918,"YES
The code is vulnerable to a Server-Side Request Forgery (SSRF) attack. 

Here's why:

* **Uncontrolled URL Retrieval:** The code retrieves data from URLs based on user input. 
* **Potential for Malicious URLs:**  An attacker could provide a malicious URL that targets internal systems or services.
* **Unintended Execution:** The code executes arbitrary commands on the server based on the user-provided URL. 
* **CVE-2022-0939:** The code is vulnerable to the CVE-2022-0939 vulnerability, which allows attackers to execute arbitrary commands on the server. 


**Example Attack:**

An attacker could provide a URL like: `http://internal.server.com/exec/some_command` 

The code would then attempt to execute the command on the internal server. 


**Mitigation:**

* **Input Validation:**  Thoroughly validate and sanitize all user-provided input.
* **URL Whitelisting:**  Restrict the URLs that the code can access.
* **Least Privilege:**  Limit the code's access to only necessary resources. 
* **Security Audits:**  Regularly audit the code for potential vulnerabilities. 
",1922,264,15.23638391494751
22,CWE-918,"YES
The code is vulnerable to a Server-Side Request Forgery (SSRF) attack. 

Here's why:

* **Uncontrolled URL Retrieval:** The code retrieves data from URLs based on user input. 
* **Potential for Malicious URLs:**  An attacker could provide a malicious URL that targets internal systems or services.
* **Unintended Execution:** The code executes arbitrary commands on the server based on the user-provided URL. 
* **CVE-2022-0990:** The CVE-ID confirms this vulnerability. 


Let me know if you'd like a more detailed explanation of how this vulnerability works. 
",1922,141,8.27782416343689
23,CWE-918,"YES
 
The code is vulnerable to CWE-918 (Server-Side Request Forgery (SSRF)) because it retrieves data from URLs based on user input.  An attacker could craft a URL that targets an internal service or resource, potentially leading to unauthorized access. 
",938,60,3.5641696453094482
24,CWE-918,"YES
 
The code is vulnerable to CWE-918 (Server-Side Request Forgery (SSRF)) because it retrieves data from URLs based on user input.  An attacker could craft a URL that targets an internal service or resource, potentially leading to unauthorized access. 
",938,60,3.6280694007873535
25,CWE-918,"YES
The code is vulnerable to Server-Side Request Forgery (SSRF) because it retrieves URLs from an upstream component and sends them to the server. This could allow an attacker to access internal resources or services that are not intended to be accessible. 
",3476,54,3.66499662399292
26,CWE-918,"YES
The code is vulnerable to Server-Side Request Forgery (SSRF) because it retrieves URLs from an upstream component and sends them to the server. This could allow an attacker to access internal resources or services that are not intended to be accessible. 
",3476,54,3.623105764389038
27,CWE-918,"YES
The code is vulnerable to SSRF (Server-Side Request Forgery) because it retrieves URLs from the request, potentially including those to internal systems or services. This allows an attacker to manipulate the server's behavior, potentially leading to unauthorized access or data exfiltration. 
",2722,59,3.7634658813476562
28,CWE-918,"YES
The code is vulnerable to Server-Side Request Forgery (SSRF) because it retrieves URLs from an upstream component and sends them to the server. This allows attackers to potentially access internal resources or systems that they shouldn't be able to access. 

Here's why:

* **Uncontrolled URL Retrieval:** The code retrieves URLs from an upstream component, which could be manipulated by an attacker.
* **Potential for Unauthorized Access:**  An attacker could craft a URL that points to a sensitive resource on the server, potentially leading to unauthorized access.
* **Lack of Input Validation:** The code doesn't adequately validate or sanitize the URLs received from the upstream component. 


Let me know if you'd like to discuss any other security vulnerabilities. 
",2722,160,9.477745771408081
29,CWE-918,"YES

The code you provided is vulnerable to CWE-918 (Server-Side Request Forgery) because it directly interacts with the `ub.delete_user_session` function. This function could be manipulated by an attacker to perform actions on the server, potentially leading to unauthorized access or data manipulation. 

Here's why:

* **Uncontrolled URL Execution:** The code uses `ub.delete_user_session` which could be vulnerable to SSRF attacks. 
* **Potential for Unauthorized Access:** An attacker could craft a malicious request to `ub.delete_user_session` that targets a different server or resource than intended. 
* **Data Manipulation:** The code could be manipulated to delete or modify user data, potentially leading to data breaches or unauthorized access. 


It's crucial to implement robust input validation and sanitization to prevent such attacks. 
",756,185,10.584511280059814
30,CWE-918,"YES

The code you provided uses `ub.delete_user_session` and `logout_user` which could be used to access resources outside the expected scope. 

The code also uses `logout_oauth_user` which could be used to access resources outside the expected scope. 

The code is vulnerable to SSRF because it retrieves the contents of URLs from an upstream component. 
",756,83,4.853389263153076
31,CWE-918,"YES
 
The code is vulnerable to SSRF because it retrieves content from URLs provided by the user. This could be exploited to access internal resources or systems that the server is not authorized to access. 
",1048,44,2.7051384449005127
32,CWE-918,"YES
 
The code is vulnerable to SSRF because it retrieves content from URLs provided by the user. This could be exploited to access internal resources or services on the server, potentially leading to unauthorized access or data exfiltration. 
",1048,49,2.976997137069702
33,CWE-918,"YES
 
The code is vulnerable to CWE-918 (Server-Side Request Forgery) because it retrieves data from URLs based on the user's view property. This allows an attacker to potentially send requests to unintended destinations, potentially bypassing access controls. 
",1216,57,3.426419734954834
34,CWE-918,"YES
 
The code is vulnerable to CWE-918 (Server-Side Request Forgery) because it retrieves data from URLs based on the user's view property. This allows an attacker to potentially send requests to unintended destinations, potentially bypassing access controls. 
",1216,57,3.446498394012451
35,CWE-918,"YES
 
The code retrieves data from a database using a SQL query.  The query uses the `order` variable to determine the sort order of the results.  This means that the code is vulnerable to a SQL injection attack. 
",1044,51,3.061978816986084
36,CWE-918,"YES
 
The code retrieves data from a database based on the user's view of the ratings.  The code uses a SQL query to retrieve data from the database.  The query uses the `order` parameter to determine the order of the results.  The query also uses the `order_no` parameter to determine the order of the results.  The query uses the `text('books_ratings_link.rating')` function to group the results by the rating.  The query uses the `join` function to join the `ratings` table with the `books_ratings_link` table.  The query uses the `filter` function to filter the results.  The query uses the `group_by` function to group the results.  The query uses the `order_by` function to order the results.  The query uses the `all` function to return all of the results.  The query uses the `func.count('books_ratings_link.book').label('count')` function to count the number of books in the `books_ratings_link` table.  The query uses the `(db.Ratings.rating / 2).label('name')` function to calculate the average rating of the books in the `books_ratings_link` table.  The query uses the `join` function to join the `ratings` table with the `books` table.  The query uses the `filter",1044,301,17.174522638320923
37,CWE-918,"YES
The code is vulnerable to SSRF because it retrieves content from URLs provided by the user. This could be exploited to access internal systems or resources that are not intended to be accessed from outside the server. 
",2122,45,2.902458906173706
38,CWE-918,"YES
The code is vulnerable to SSRF because it retrieves content from URLs provided by the user. This could be exploited to access internal systems or resources that are not intended to be accessed from outside the server. 
",2122,45,2.885923385620117
39,CWE-918,"YES
The code is vulnerable to a Server-Side Request Forgery (SSRF) attack. 

Here's why:

* **Uncontrolled URL Execution:** The code uses `calibre_db.session.connection().connection.connection.create_function(""lower"", 1, db.lcase)` to execute arbitrary SQL queries. This allows attackers to potentially execute arbitrary SQL commands.
* **Potential for URL Injection:** The code accepts user input in the `term` dictionary, which could be used to construct URLs that are sent to the server. 
* **Lack of Input Validation:** The code does not adequately validate or sanitize user input before processing it. 


**Mitigation:**

* **Input Validation:** Implement robust input validation to ensure that user input adheres to expected formats and does not contain malicious characters.
* **Sanitization:** Sanitize user input to remove potentially harmful characters.
* **Least Privilege:** Limit the database access granted to the web server to only the necessary operations.
* **Output Encoding:** Encode output to prevent potential XSS attacks. 
* **Security Testing:** Conduct regular security testing to identify and address vulnerabilities. 
",4222,241,14.34328293800354
40,CWE-918,"YES
The code is vulnerable to a Server-Side Request Forgery (SSRF) attack. 

Here's why:

* **Uncontrolled URL Retrieval:** The code retrieves content from URLs provided by users. This is a classic SSRF vulnerability. 
* **Potential for Malicious Requests:**  An attacker could craft a URL that points to a server they control, potentially allowing them to execute commands or access sensitive data. 
* **Lack of Input Validation:** The code doesn't adequately validate or sanitize user input, making it susceptible to malicious requests. 


**Example Attack:**

An attacker could craft a URL like this:

`http://your-server/api/books/search?term=1234567890&offset=10&limit=100&custom_column_1_start=1970-01-01`

This URL could potentially:

* **Access Internal Systems:**  The attacker could use the URL to access internal systems or resources on the server.
* **Execute Commands:** The attacker could use the URL to execute commands on the server. 
* **Bypass Security:** The attacker could bypass security measures by exploiting the vulnerability. 


**Mitigation:**

* **Input Validation:**  Thoroughly validate and sanitize all user input before processing it.
* **URL Sanitization:**  Sanitize URLs to prevent the execution of malicious commands.",4222,301,17.68489122390747
41,CWE-918,"YES
 
The code uses `calibre_db.fill_indexpage_with_archived_books` which could potentially be used to access resources outside the expected scope.  This is a classic example of SSRF, where the code is vulnerable to an attacker sending a request to a different host than expected. 
",1076,68,4.041971921920776
42,CWE-918,"YES
 
The code uses `calibre_db.fill_indexpage_with_archived_books` which could potentially be used to access resources outside the expected scope.  This is a classic example of SSRF, where the code is vulnerable to an attacker sending a request to a different host than expected. 
",1076,68,4.046013593673706
43,CWE-918,"YES
The code is vulnerable to SSRF because it retrieves content from URLs provided by the user. This could allow an attacker to access internal systems or resources they shouldn't have access to. 
",1848,42,2.682063102722168
44,CWE-918,"YES
The code is vulnerable to SSRF because it retrieves content from URLs provided by the user. This could allow an attacker to access internal systems or resources they shouldn't have access to. 
",1848,42,2.695456027984619
45,CWE-918,"YES
The code is vulnerable to SSRF because it retrieves data from URLs provided by the user. This could be exploited to access internal systems or resources that are not intended to be accessed from the web server. 
",1416,45,2.796839714050293
46,CWE-918,"YES
The code is vulnerable to SSRF because it retrieves data from URLs provided by the user. This could be exploited to access internal systems or resources that are not intended to be accessed from the web server. 
",1416,45,2.7770767211914062
47,CWE-918,"YES
The code is vulnerable to a Server-Side Request Forgery (SSRF) attack. 

Here's why:

* **Uncontrolled URL Retrieval:** The code fetches data from URLs based on the `order` parameter. This means an attacker could provide a malicious URL that targets an internal system or resource.
* **Potential for Unauthorized Access:**  The code retrieves data from the database using `calibre_db.session.query()`. An attacker could craft a URL that targets a specific database or system, potentially gaining unauthorized access. 
* **SSRF Vulnerability:**  The code's reliance on `func.count(ub.Downloads.book_id).desc()` or `func.count(ub.Downloads.book_id).asc()` makes it susceptible to a Server-Side Request Forgery (SSRF) attack. 


Let me know if you'd like a more detailed explanation of how this vulnerability works. 
",1538,200,11.602884769439697
48,CWE-918,"YES
The code is vulnerable to SSRF because it retrieves the contents of URLs from an upstream component.  This could be exploited to access internal network resources or other sensitive data. 
",1538,39,2.5510215759277344
49,CWE-918,"YES
 
The code is vulnerable to a **Server-Side Request Forgery (SSRF)** attack. 

Here's why:

* **Uncontrolled URL Retrieval:** The code retrieves data from various sources like `calibre_db`, `ub`, and `db` using `session.query`.  
* **Potential for Malicious URLs:**  An attacker could craft a URL that includes a path to a resource on the server, potentially a file system directory or even a database. 
* **Unintended Access:** The code doesn't adequately validate or sanitize the URLs it retrieves. This means it could be tricked into accessing sensitive data or internal resources. 
* **Exploitation:** An attacker could provide a malicious URL that:
    *  Exposes internal network resources.
    *  Allows them to access restricted files or directories.
    *  Triggers unintended actions on the server. 


Let me know if you'd like a more detailed explanation of how this vulnerability works. 
",1384,212,12.225653648376465
50,CWE-918,"YES
 
The code is vulnerable to a **Server-Side Request Forgery (SSRF)** attack. 

Here's why:

* **Uncontrolled URL Retrieval:** The code retrieves data from various sources like `calibre_db`, `ub`, and `db` using `session.query`.  
* **Potential for Malicious URLs:**  An attacker could craft a URL that includes a path to a resource on the server, potentially a database, a file system, or even a network service. 
* **Unintended Execution:** The code doesn't adequately validate or sanitize the URLs received. This means the server could execute arbitrary commands or access sensitive data based on the user-provided URL. 

**Example Attack:**

An attacker could provide a URL like `http://localhost:8080/data/some_sensitive_file` to the `render_prepare_search_form` function. The server would then attempt to access the file at that URL, potentially exposing sensitive information. 


**Mitigation:**

* **Input Validation:**  Thoroughly validate and sanitize all user-provided URLs before executing them.
* **URL Whitelisting:**  Restrict the allowed URLs to a predefined list of trusted sources.
* **Least Privilege:**  Limit the access of the web server to only the necessary resources. 
* **Security Audits:**  Regularly audit the code for potential vulnerabilities. 
",1384,297,17.100526332855225
51,CWE-918,"YES
The code is vulnerable to SSRF because it retrieves data from URLs provided by the user. This could be exploited to access internal systems or resources that are not intended to be accessed from the web server. 
",1886,45,2.9301676750183105
52,CWE-918,"YES
The code is vulnerable to SSRF because it retrieves data from URLs provided by the user. This could be exploited to access internal resources or systems that the server is not authorized to access. 
",1886,42,2.6930158138275146
53,CWE-918,"YES

The code is vulnerable to CWE-918 (Server-Side Request Forgery (SSRF)) because it retrieves data from URLs provided by the user.  This could be exploited to access internal systems or resources that the server is not authorized to access. 
",934,57,3.396390438079834
54,CWE-918,"YES

The code is vulnerable to CWE-918 (Server-Side Request Forgery (SSRF)) because it retrieves data from URLs provided by the user.  This could be exploited to access internal systems or resources that the server is not authorized to access. 
",934,57,3.4315197467803955
55,CWE-918,"YES
The code is vulnerable to a Server-Side Request Forgery (SSRF) attack. 

Here's why:

* **Uncontrolled URL Retrieval:** The code fetches data from URLs based on user-provided inputs. 
* **Potential for Unintended Destinations:**  An attacker could craft a URL that points to a server or resource they have control over. 
* **Bypass Access Controls:** The code doesn't adequately validate or sanitize the URLs, allowing the server to potentially access resources it shouldn't. 

This is a classic example of a potential SSRF vulnerability. 
",1806,127,7.529505968093872
56,CWE-918,"YES
The code is vulnerable to a Server-Side Request Forgery (SSRF) attack. 

Here's why:

* **Uncontrolled URL Retrieval:** The code fetches data from URLs based on user-provided inputs. 
* **Potential for Unintended Destinations:**  An attacker could craft a URL that points to a server or resource they have control over. 
* **Bypass Access Controls:** The code doesn't adequately validate or sanitize the URLs, allowing the server to potentially access resources it shouldn't. 

This is a classic example of a potential SSRF vulnerability. 
",1806,127,7.50696587562561
57,CWE-918,"YES
 
The code is vulnerable to CWE-918 (Server-Side Request Forgery) because it allows an attacker to potentially execute arbitrary code by manipulating the `bookmark_key` parameter. 

Here's why:

* **Uncontrolled URL Retrieval:** The code directly retrieves the `bookmark_key` from the request form. This means an attacker could craft a malicious URL that includes the `bookmark_key` parameter.
* **Potential for Arbitrary Code Execution:**  The code then uses the `bookmark_key` to access and potentially modify data in the database. This could allow an attacker to execute arbitrary code on the server. 
* **Lack of Input Validation:** The code does not validate the `bookmark_key` parameter. This means an attacker could provide a malicious `bookmark_key` that could be used to access sensitive data or execute arbitrary code. 


Let me know if you'd like to discuss specific examples of how an attacker could exploit this vulnerability. 
",930,208,11.90638017654419
58,CWE-918,"YES
 
The code is vulnerable to CWE-918 (Server-Side Request Forgery) because it allows an attacker to potentially execute arbitrary code by manipulating the `bookmark_key` parameter. 

Here's why:

* **Uncontrolled URL Retrieval:** The code directly retrieves the `bookmark_key` from the request form. This means an attacker could craft a malicious URL that includes the `bookmark_key` parameter.
* **Potential for Arbitrary Code Execution:**  The code then uses the `bookmark_key` to access and potentially modify data in the database. This could allow an attacker to execute arbitrary code on the server. 
* **Lack of Input Validation:** The code does not validate the `bookmark_key` parameter. This means an attacker could provide a malicious `bookmark_key` that could be used to access sensitive data or execute arbitrary code. 


Let me know if you'd like to discuss specific examples of how an attacker could exploit this vulnerability. 
",930,208,11.899922132492065
59,CWE-918,"YES
The code is vulnerable to SSRF because it retrieves data from URLs provided by the user. This could be exploited to access internal systems or resources that are not intended to be accessed from outside the system. 
",1572,45,2.822350263595581
60,CWE-918,"YES
The code is vulnerable to SSRF because it retrieves data from URLs provided by the user. This could be exploited to access internal systems or resources that are not intended to be accessed from outside the system. 
",1572,45,2.802793264389038
61,CWE-918,"NO 
",646,4,0.34717798233032227
62,CWE-918,"NO 
",646,4,0.3510615825653076
63,CWE-863,"NO 
",690,4,0.3321986198425293
64,CWE-863,"NO 
",724,4,0.3635091781616211
65,CWE-863,"YES
The code uses a `union_set` function that appears to be a custom implementation of a union-find data structure.  The vulnerability lies in the way the `union_set` function handles the `rank` and `cnt` data structures.  This could allow an attacker to manipulate the data structures and potentially gain control of the underlying resources. 
",972,76,4.512341737747192
66,CWE-203,"YES
The code uses a `union_set` function that appears to be a custom implementation for a set data structure.  The function's logic, particularly the `self.rank` and `self.cnt` attributes, suggests it's designed to manage sets and their relationships.  However, the code lacks context about how this function interacts with the `Transaction` object.  

The vulnerability lies in the potential for an attacker to manipulate the `union_set` function to gain unauthorized access to sensitive information.  This could be achieved by:

* **Timing Attacks:**  An attacker could exploit timing differences to influence the behavior of the `union_set` function, potentially revealing information about the state of the `Transaction` object.
* **Side Channel Attacks:**  The `union_set` function's logic could be used to extract information about the `Transaction` object's internal state.


**Important Note:**  The provided code snippet is incomplete.  To fully assess the vulnerability, we need to understand the complete context of the `union_set` function and its interaction with the `Transaction` object. 
",1282,235,13.522907018661499
67,CWE-203,"YES
The code is vulnerable to timing attacks, as described in the CVE-2023-32694.  The code sets the `charge_status` based on the `captured_amount` and `get_charge_amount` of the payment.  This could be exploited by an attacker to determine the secret key and forge fake events. 
",1468,78,4.645488739013672
68,CWE-601,"NO 
",761,4,0.3635826110839844
69,CWE-93,"YES
 
The code uses `_hkey(key)` to access dictionary keys. This function is not defined, and it's likely that it's designed to be a custom function that could be vulnerable to a similar attack as CVE-2016-9964. 
",530,64,3.777405023574829
70,CWE-93,"NO 
",488,4,0.33089518547058105
71,CWE-93,"YES
 
The code uses `_hkey(key)` to generate a key for the dictionary. This function could be vulnerable to a CRLF attack, as it does not properly sanitize the input. 
",532,45,2.6612071990966797
72,CWE-93,"NO 
",534,4,0.33506083488464355
73,CWE-93,"YES
 
The code uses `_hkey(key)` which is a function that is not defined. This function could be vulnerable to a format string attack. 
",526,37,2.233846664428711
74,CWE-79,"YES
The code uses `urlquote` to sanitize URLs, but it doesn't properly sanitize the input.  The `urlquote` function only encodes the URL components, but it doesn't check for malicious content.  This means that an attacker could craft a URL that contains malicious code, which could then be executed by the web server. 
",2301,74,4.561320543289185
75,CWE-918,"YES
The code is vulnerable to a Server-Side Request Forgery (SSRF) attack. 

Here's why:

* **Uncontrolled URL Retrieval:** The code uses `ub.session.query` to delete data from various database tables.  It retrieves data from these tables based on the `content.id` and the `ub.User.id` from the database. 
* **Potential for Malicious URLs:** An attacker could provide a malicious URL to the code, which could be used to access internal systems or resources. 
* **Unrestricted Access:** The code doesn't adequately validate or sanitize the URLs provided by the attacker. 
* **SSRF Vulnerability:** This allows the attacker to potentially access sensitive data or resources on the server, potentially leading to data breaches or unauthorized access. 


Let me know if you'd like to explore specific examples of how an attacker could exploit this vulnerability. 
",1775,195,11.364997386932373
76,CWE-284,"YES
The code is vulnerable to CWE-284 because it allows an attacker to delete a user account if they can bypass the admin role check. 

Here's why:

* **Unrestricted Deletion:** The code deletes all data associated with the user, including books, downloads, shelves, bookmarks, and more. 
* **No Role Check:** The code doesn't properly verify the user's role before deleting the user. 
* **Potential for Abuse:** An attacker could potentially manipulate the database to bypass the admin role check. 


Let me know if you'd like to discuss any other security vulnerabilities. 
",1897,134,7.868114471435547
77,CWE-918,"YES
The code uses the `requests.get` function to retrieve the contents of a URL. This URL is constructed by replacing 'www.dropbox.' with 'dl.dropboxusercontent.' in the original URL. This could be used to access internal resources on the server, potentially leading to a Server-Side Request Forgery (SSRF) attack. 
",698,74,4.318868160247803
78,CWE-116,"YES
The code uses `self.cmdline_args.append("" "".join(plugin_names))` to construct the command string. This could be vulnerable to command injection if the `plugin_names` argument is not properly sanitized. 
",1358,51,3.1227052211761475
79,CWE-918,"NO 
",913,4,0.3868870735168457
80,CWE-601,"YES
 
The code uses `request.POST.get('next')` to redirect the user. This could be exploited to redirect the user to a malicious website. 
",962,38,2.3201167583465576
81,CWE-264,"YES
The code is vulnerable to CVE-2012-3426.  The code does not properly implement token expiration, which allows remote authenticated users to bypass intended authorization restrictions. 
",3048,43,2.9437098503112793
82,CWE-78,"YES
 
The code uses `exec(code, globals())` to execute arbitrary code. This is a classic example of a command injection vulnerability, as it allows an attacker to inject malicious code into the program's execution flow. 
",947,51,3.0753138065338135
83,CWE-22,"YES
 
The code uses `exec(code, globals())` to execute arbitrary code. This is a classic example of a path traversal vulnerability, as it allows an attacker to potentially execute arbitrary code by manipulating the `code` string. 
",637,52,3.1007015705108643
84,CWE-352,"YES
The code is vulnerable to CWE-352 because it doesn't properly validate the request body.  Specifically, the code is vulnerable to a JSON decoding error.  The `json.loads` function is patched to raise an exception, which is a potential security vulnerability. 
",1267,61,3.672971487045288
85,CWE-290,"YES
 
The code you provided is vulnerable to the CVE-2022-23949 attack.  

Here's why:

* **JSON Parsing:** The code parses the `allowlist` key in the `agent_data` dictionary into a list using `json.loads()`. This means that if the `allowlist` key is not a valid JSON string, the code will attempt to parse it, potentially leading to a security vulnerability.
* **Unvalidated Data:** The code does not validate the data within the `allowlist` key. This means that an attacker could potentially provide malicious data that could be used to spoof the agent data. 
* **`config.valid_exclude_list`:** The code calls a function `config.valid_exclude_list` to validate the `exclude` list. This function is not defined in the provided code snippet.  It's possible that this function is vulnerable to the same attack as the `allowlist` parsing. 


**Important:**  The code you provided is vulnerable to a spoofing attack.  This means that an attacker could potentially manipulate the `allowlist` and `exclude` data to bypass security measures. 
",667,256,14.629814863204956
86,CWE-835,"YES
The code has a loop that can be influenced by an attacker, leading to an infinite loop. 
",871,24,1.512744665145874
87,CWE-444,"YES
The code uses `smuggle_url` which is vulnerable to the same issue as the `yt-dlp` vulnerability described in the CVE-ID.  The code is vulnerable because it uses `smuggle_url` to construct the URL, which allows an attacker to manipulate the request headers. 
",1563,66,4.05485200881958
88,CWE-79,"YES
The code uses `force_text(reason)` to sanitize the `reason` string. However, it does not properly escape the `reason` string before it is used in the `json.dumps` function. This means that an attacker could inject malicious JavaScript into the `reason` string, which could then be executed by the browser. 
",1835,73,4.438008069992065
89,CWE-22,"NO 
",689,4,0.35340285301208496
90,CWE-22,"NO 
",682,4,0.3503072261810303
91,CWE-918,"NO 
",676,4,0.35259413719177246
92,CWE-22,"NO 
",725,4,0.35736608505249023
93,CWE-22,"NO 
",718,4,0.36739540100097656
94,CWE-918,"NO 
",712,4,0.35800957679748535
95,CWE-79,"YES
The code uses `get_cell` to render the data. This function could be vulnerable to XSS if the data is not properly sanitized. 
",2203,33,2.250535726547241
96,CWE-918,"YES
 
The code is vulnerable to a similar attack as CVE-2022-0939.  It allows an attacker to potentially execute arbitrary code by providing a URL to an unexpected host or port. 
",1330,49,2.9809560775756836
97,CWE-918,"YES
The code is vulnerable to a similar attack as CVE-2022-0990.  It allows an attacker to potentially execute arbitrary code by providing a URL to an unexpected host or port. 
",1330,47,2.887826919555664
98,CWE-918,"YES
 
The code is vulnerable to SSRF because it retrieves the contents of a URL from an upstream component.  The code does not sufficiently ensure that the request is being sent to the expected destination. 
",1176,45,2.748014450073242
99,CWE-918,"YES
 
The code is vulnerable to SSRF because it retrieves the contents of a URL from an upstream component.  The code does not sufficiently ensure that the request is being sent to the expected destination. 
",1176,45,2.760812997817993
100,CWE-918,"YES
The code is vulnerable to a potential SSRF attack. 

Here's why:

* **Uncontrolled URL Resolution:** The code uses `helper.get_valid_filename` to generate file paths. This function could potentially be manipulated to include URLs that are not intended.
* **Potential for URL Injection:**  The code constructs paths using `os.path.join` and `replace('\\', '/')`. This could be exploited to inject malicious URLs into the path, potentially allowing an attacker to access sensitive resources on the server. 
* **Server-Side Request Forgery (SSRF):**  An attacker could craft a URL that, when resolved by the server, would lead to a resource on the server itself. This could allow the attacker to access internal systems, sensitive data, or even execute commands on the server. 


Let me know if you'd like a more detailed explanation of how this could be exploited. 
",1632,196,11.411718845367432
