case_id,vuln_type,audit_report,input_token_num,output_token_num,inference_time
11,access control," Yes, the smart contract is vulnerable. The issue lies in the `newOwner` function in the `MultiOwnable` contract. The function allows any address to set a new owner for the contract as long as the address is not zero. This means that an attacker can call this function and set themselves as the new owner, bypassing the intended access control.

In the given example, the `TestContract` contract inherits from `MultiOwnable` and has a `withdrawAll` function that can be called by the current owner to transfer all the contract's funds to themselves. An attacker can exploit the vulnerability in `MultiOwnable` to set themselves as the new owner of `TestContract` and then call the `withdrawAll` function to drain the contract's funds.

The `SuicideContract` and `LetsSuicide` contracts are not directly related to the vulnerability in the `MultiOwnable` contract, but they demonstrate a common pattern of contracts that can be used to exploit vulnerabilities in other contracts. The `NukeContract` function in `SuicideContract` calls the constructor of `LetsSuicide` and passes the address of the target contract as an argument, effectively executing the `LetsSuicide` contract's self-destruct function on the target contract. This can be used to exploit vulnerabilities in the target contract and cause it to lose",895,301,17.212271451950073
12,access control," Yes, the smart contract code is vulnerable. The vulnerability is due to the lack of proper access control in the `NukeContract` function of the `SuicideContract` contract. The function allows any address to call it and pass any amount of ether, which is then used to instantiate a new `LetsSuicide` contract and call its constructor with the given address as an argument. This effectively allows any address to call the `suicide` function of the `LetsSuicide` contract and take control of any contract that is an instance of it, including the `SuicideContract` itself. This can lead to a loss of funds or other unwanted consequences.",576,143,8.340199708938599
13,access control," YES, The vulnerability lies in the ""DynamicPyramid"" function, which sets the contract creator to be equal to the msg.sender. This means that anyone can call the DynamicPyramid function and become the contract creator, potentially gaining unauthorized access to the contract's functionality.",3159,63,4.9313623905181885
14,access control," Yes, the given smart contract code is vulnerable. The vulnerability is due to the lack of access control in the `NukeContract` function in the `SuicideContract` contract. The `NuiceContract` function can be called by anyone and it transfers all the funds of the contract to the address passed as an argument. This can lead to a total loss of funds in the contract.",772,84,5.575896263122559
15,access control," Yes, the smart contract code is vulnerable. The vulnerability is due to the constructor in the SuicideContract contract, which calls the LetsSuicide contract with the msg.value as the argument. This means that anyone can call the NukeContract function with any amount of Ether and cause the LetsSuicide contract to transfer all of the SuicideContract's funds to the specified address. The IamMissing contract is not directly related to this vulnerability, but it is also vulnerable to access control issues due to the use of msg.sender instead of the intended contract owner in the constructor of the IamMissing contract.",590,130,7.638911247253418
16,access control," Yes, the smart contract code is vulnerable. The vulnerability lies in the contract ""SuicideContract"" and its function ""NukeContract"". This contract can be used to call the self-destruct function of another contract (in this case, ""Map"") by creating an instance of ""LetsSuicide"" contract and passing the target contract address as an argument. Since the ""set"" function in the ""Map"" contract does not check the sender's address, anyone can call this function and modify the contract's state. In the case of ""SuicideContract"", it calls the self-destruct function of the target contract during its constructor, effectively allowing anyone to destroy the contract.",680,144,9.133816957473755
17,access control," YES, the code is vulnerable. The `forward` function in the `Proxy` contract is using `delegatecall` to call the `callee` address without proper checks. In the given example, an attacker can create a `LetsSuicide` contract and call its constructor with the `Proxy` contract's address as an argument. This will cause the `forward` function to call the `NukeContract` function in the `SuicideContract`, effectively allowing the attacker to execute arbitrary code on the `Proxy` contract.",532,114,7.282564401626587
18,access control," Yes, the given code is vulnerable. The vulnerability is due to the use of the `(new LetsSuicide).value(msg.value)(Russian)` call in the `NukeContract` function of the `SuicideContract`. This call creates a new instance of the `LetsSuicide` contract and passes it the address `Russian` as an argument, along with the msg.value as ether. Since the constructor of `LetsSuicide` contract contains a call to `suicide(LetsFuckingSuicide)`, it will cause the `Russian` address to be drained of all its ether when the `NukeContract` function is called. This is an example of a re-entrancy attack.",795,162,10.322781562805176
19,access control," Yes, the smart contract code is vulnerable. The vulnerability is due to the constructor function in the `Missing` contract, which sets the contract owner to the msg.sender address during deployment. This means that the contract owner can be any address that deploys the contract, which can be an attacker. In the given example, the `SuicideContract` contract can be used to call the `NukeContract` function and pass the address of the `Missing` contract as an argument, effectively taking control of the contract. This is an example of a constructor vulnerability, where the contract owner is not properly initialized or checked.",579,131,8.34952688217163
20,access control," Yes, the smart contract is vulnerable. The vulnerability lies in the initWallet function where the creator is set to msg.sender. This allows any address to initialize the wallet and become the creator, bypassing the intended access control. In the given example, the SuicideContract contract exploits this vulnerability to call the migrateTo function and transfer the contract's balance to an attacker's address.",792,86,5.57303261756897
21,access control," YES, the smart contract is vulnerable. The vulnerability is due to the use of `tx.origin` to check the contract owner in the `sendTo` function. An attacker can create a contract that calls the `sendTo` function and set the `msg.sender` to the contract owner's address, bypassing the access control check. In the provided code snippet, the `SuicideContract` contract demonstrates this vulnerability by calling the `NukeContract` function with the contract owner's address and transferring the contract's funds to a malicious contract.",525,126,7.4001007080078125
22,access control," Yes, the given smart contract code is vulnerable. The vulnerability is due to the use of the `(new LetsSuicide).value(msg.value)(Russian)` call in the `NukeContract` function of the `SuicideContract`. This call creates a new instance of the `LetsSuicide` contract and passes it the address `Russian` as an argument, along with the msg.value as ether. The constructor of the `LetsSuicide` contract contains a call to the `suicide` function with the address passed as an argument. This call effectively transfers all the ether of the `SuicideContract` to the `LetsSuicide` contract, and then the ether of the `LetsSuicide` contract is transferred to the address passed as an argument, in this case `Russian`. This allows an attacker to drain the ether of the `SuicideContract` by creating a new instance of `LetsSuicide` and passing their own address as an argument.",826,218,12.656765699386597
23,access control," YES, The code is vulnerable to access control issues. In the `SuicideContract` contract, the `NukeContract` function allows anyone to pass an address to be destroyed by creating a new instance of the `LetsSuicide` contract and passing the target address as an argument. This bypasses the intended access control of the `SimpleSuicide` contract's `sudicideAnyone` function, which is only meant to be called by the contract itself (`selfdestruct(msg.sender)`).",469,112,6.6279380321502686
24,access control," Yes, the given code is vulnerable. The vulnerability is due to the use of the constructor in the `LetsSuicide` contract to call the `suicide` function of another contract with the same name as a parameter, passing the contract's own address as an argument. This allows an attacker to call the `suicide` function of the `SuicideContract` with any address, effectively allowing them to take control of the contract. In the `Unprotected` contract, the `changeOwner` function does not have any checks on the `_newOwner` address, making it easy for an attacker to call this function and take control of the contract.",580,139,8.74696969985962
25,access control," YES, the code is vulnerable. The issue is that the `withdrawAll` function in the `Phishable` contract checks the `tx.origin` instead of the `msg.sender`. This means that anyone can call the `NukeContract` function in the `SuicideContract` and pass the address of the `Phishable` contract as the `Russian` argument, causing the `withdrawAll` function to be called with the attacker's address as the `tx.origin`, allowing them to withdraw all the funds from the contract.",557,120,7.072632312774658
26,access control," YES, The vulnerability lies in the use of `delegatecall` without proper checks on the returned data. In the `withdraw` and `fallback` functions, the contract calls an external contract's function without checking the return value, which can potentially allow an attacker to execute arbitrary code or drain the contract's funds.",1153,71,4.463432550430298
27,unchecked low level calls," YES, the vulnerability is similar to the one described earlier. The call to `adr.call.value(msg.value)(data)` in the `Command` function does not check the return value, which can lead to unwanted outcomes if the called contract fails to execute.",1795,60,4.403092861175537
28,unchecked low level calls," Yes, the smart contract is vulnerable. The vulnerability lies in the use of the send() function without checking its return value. In the tokens\_buy() function, the owner2.send(sum2) call does not check the return value, which can lead to the contract continuing execution even if the send() call fails. Similarly, in the withdraw() function, the owner.send(balance) call does not check the return value, which can also lead to unwanted outcomes if the send() call fails.",1615,107,7.0277252197265625
29,unchecked low level calls," YES, the vulnerability is similar to the one described earlier. The call to `adr.call.value(msg.value)(data)` in the `Command` function does not check the return value, which can lead to unwanted outcomes if the called contract fails to execute. In this case, the `LetsSuicide` contract constructor call in `SuicideContract` can potentially drain the caller's funds if it fails.",1211,92,5.714330434799194
30,unchecked low level calls," YES, the smart contract is vulnerable due to the unchecked use of the send() function. In lines 110, 118, 132, and 174, the contract sends ether to other addresses without checking the return value of the send() function. If the send() function fails, the contract will continue executing, potentially leading to security vulnerabilities or incorrect contract behavior.",2705,88,6.510112047195435
31,unchecked low level calls," Yes, the smart contract is vulnerable. The vulnerability is similar to the one in the previous example. In this case, the `transfer` function in the `airPort` contract calls the `call` function on the `caddress` parameter without checking its return value. This means that if the `NukeContract` contract's constructor call to `SuicideContract` fails, the `transfer` function will continue executing and return `true` to the caller, even though the transaction has failed. This can lead to unwanted outcomes and potential security vulnerabilities.",637,119,7.372970342636108
32,unchecked low level calls," YES, the contract is vulnerable due to the use of the send() function without checking its return value. In the cash() function, the contract sends ether to the winner without checking the return value, which could result in the contract continuing execution even if the send fails. This could lead to the contract continuing to execute and potentially draining the contract of funds. The same vulnerability exists in the constructor of the LetsSuicide contract, where the suicide() function is called without checking its return value.",2840,104,7.204359531402588
33,unchecked low level calls," Yes, the smart contract code is vulnerable. The vulnerability lies in the contract ""SuicideContract"" and its function ""NukeContract"". The call to ""LetsSuicide"" constructor in ""NukeContract"" function does not check the return value of the constructor call, which can lead to the contract continuing execution even if the constructor call fails. In this case, the constructor call is to a contract that contains a self-destruct function, which can be used to drain the funds from the contract.",499,107,6.312055349349976
34,unchecked low level calls," YES, the smart contract is vulnerable due to the unchecked return values of the low-level call() function used in the transfer function of the AirDropContract. The lack of checking the return value can lead to unwanted outcomes, such as continuing the execution even if the call fails. In this case, the failure of one call in the for loop will not stop the execution of the entire function, potentially allowing an attacker to drain the contract of funds.",839,95,5.807814359664917
35,unchecked low level calls," Yes, the smart contract is vulnerable. The issue lies in the ""Command"" function where the call to an external contract ""adr"" is made using the ""call.value()"" function without checking its return value. This can lead to unwanted outcomes if the external contract call fails, as the execution will continue and the contract's funds may be lost.",2129,74,5.871945142745972
36,unchecked low level calls," Yes, the code is vulnerable. The issue lies in the use of the `call.value()` function in the `WithdrawToHolder()` function of the `TokenBank` contract. This function calls another contract's function and sends ether to it, but it does not check the return value of the call. If the called contract's function fails, the `WithdrawToHolder()` function will continue executing and transfer the ether to the wrong address, leading to a potential loss of funds.",1498,108,7.049866676330566
37,unchecked low level calls," Yes, the given smart contract code is vulnerable. The vulnerability lies in the use of the contract_address.call function without checking its return value. In the case of the Centra4 contract, this call is made to register a new token with the address 0x96a65609a7b84e8842732deb08f56c3e21ac6f8a. However, if this call fails for any reason, the transfer function will continue executing and return true, potentially allowing unintended actions to occur. In the case of the provided additional code, the use of the NukeContract function in the SuicideContract contract demonstrates a potential for catastrophic consequences if the contract_address.call function fails without proper checking.",851,172,12.320649862289429
38,unchecked low level calls," YES, The vulnerability lies in the use of the low-level function call `_addr.call.value(_wei)` in the `WithdrawToHolder` function of the `TokenBank` contract. The return value of this call is not checked, which can lead to unwanted outcomes if the call fails.",1526,68,4.379761695861816
39,unchecked low level calls," YES, the vulnerability lies in the use of the call function without checking its return value. This can lead to the contract continuing execution even if the call fails, potentially allowing an attacker to drain funds. Specifically, the lines with the vulnerability are: extra[i].call.value(_share).gas(800000)(); in the fundPuppets function of the Splitter contract.",2574,89,6.146491765975952
40,unchecked low level calls," YES, the vulnerability lies in the execute function of the Owned contract, specifically in the line _dst.call.value(_value)(_data). The function call.value() does not revert the transaction if it fails, instead it returns a boolean value indicating success or failure. If the return value is not checked, it can lead to unwanted outcomes such as fail-opens or the contract continuing to execute even if the call has failed. In this case, an attacker could potentially drain the contract of funds by exploiting this vulnerability.",2014,115,7.765536546707153
41,unchecked low level calls," YES, The vulnerability lies in the `execute` function of the `Owned` contract where the return value of the low-level call to `_dst.call.value(_value)(_data)` is not checked. This can lead to unwanted outcomes if the call fails.",1292,62,4.290247201919556
42,unchecked low level calls," YES, the vulnerability lies in the ""GetFreebie()"" function where the return value of the low-level call ""adr.call.value(msg.value)(data)"" is not checked. This can lead to unwanted outcomes if the call fails.",2043,56,4.19829249382019
43,unchecked low level calls," Yes, the smart contract code is vulnerable. The vulnerability lies in the use of the send() function in the Lotto contract without checking its return value. In the SuicideContract contract, the NukeContract function creates a new instance of the LetsSuicide contract and passes the Russian address as an argument along with the msg.value as the ether value. If the send() function in the Lotto contract fails, the execution will continue, allowing the contract to continue executing and potentially allowing an attacker to drain the contract of funds.",632,113,7.212432146072388
44,unchecked low level calls," YES, the smart contract is vulnerable due to the use of the call function without checking its return value. In the Command function of the FreeEth contract, the call to the external contract's function does not check the return value, which can lead to unwanted outcomes if the external function call fails. This can be exploited by an attacker to drain the contract of funds or manipulate its state.",1213,85,5.716904163360596
45,unchecked low level calls," YES, the vulnerability lies in the execute function where the return value of the _dst.call.value(_value)(_data) call is not checked. This can lead to fail-opens and other unwanted outcomes if the call fails.",1966,52,3.902632713317871
46,unchecked low level calls," Yes, the given code is vulnerable. The vulnerability lies in the use of the send() function in the SendBack contract without checking its return value. In the LetsSuicide and SuicideContract contracts, the send() function is used to transfer ether to another contract's constructor, which can fail if the constructor does not have enough ether to execute. If the send() function fails in the SendBack contract, the userBalances mapping will not be updated, and the user will not receive their funds. This can lead to a fail-open vulnerability, where the contract continues to execute even if the send() function call fails.",541,133,8.389988660812378
47,unchecked low level calls," YES, the vulnerability lies in the use of the `token.call()` function in the `WithdrawToken()` function of the `Token` contract. The return value of this low-level call is not checked, which can lead to unwanted outcomes if the `transfer()` function call fails.",1432,66,4.4978392124176025
48,unchecked low level calls," YES, the smart contract is vulnerable. The vulnerability lies in the use of the `call()` function in the `transfer()` function of the `demo` contract without checking its return value. This can allow the called contract to fail, but the execution of the `transfer()` function will continue, potentially leading to unwanted outcomes. In this specific case, the `LetsSuicide` contract can be used to exploit this vulnerability and drain the funds of the contract calling the `transfer()` function.",637,109,6.919935464859009
49,unchecked low level calls," YES, the vulnerability lies in the use of the 'call' function in the'redeem' and 'Command' functions without checking its return value. This can lead to the contract continuing execution even if the call fails, potentially allowing an attacker to drain the contract of funds. In the case of the 'Command' function, it also calls an external contract with the caller's funds, increasing the risk of a failure and potential loss of funds.",2089,96,6.626824378967285
50,unchecked low level calls," YES, the vulnerability lies in the use of the 'call' function in the'redeem' and 'Command' functions without checking its return value. This can lead to the contract continuing execution even if the call fails, potentially allowing an attacker to drain the contract of funds. In the case of the 'Command' function, it also calls an unchecked external contract, making it even more vulnerable.",2089,86,5.275377988815308
51,unchecked low level calls," YES, the code is vulnerable. The vulnerability lies in the use of the `.call.value()` function in the `sendMoney()` function of the `SimpleWallet` contract. This function call does not check the return value, which can lead to unwanted outcomes if the call fails. In the given example, the `LetsSuicide` and `SuicideContract` contracts demonstrate how an attacker can exploit this vulnerability to drain the `SimpleWallet` contract.",724,104,6.230108976364136
52,unchecked low level calls," YES, the smart contract is vulnerable. The issue is similar to the previous one. The call to `caddress.call` does not check its return value, so if the call fails (for example, if `caddress` is not a contract or if the call to `transferFrom` fails), the execution will continue and the contract will not revert the state. This can lead to unwanted outcomes, such as funds being sent to the wrong address or the contract continuing to execute even if an error occurs. In this specific case, the `SuicideContract` contract can be used to call the `NukeContract` function and pass the address of the `EBU` contract as an argument, effectively draining its funds.",977,153,9.074770212173462
53,unchecked low level calls," YES, the smart contract code is vulnerable. The vulnerability lies in the use of the low-level call function 'target.call.value(msg.value)()' in the 'go' function of contract B. The return value of this call is not checked, which can lead to unwanted outcomes if the call fails. In this case, the contract continues to execute and transfers the contract balance to the owner, potentially draining the contract of funds. The use of the 'LetsSuicide' and 'SuicideContract' contracts in the given code does not directly affect the vulnerability, but it does demonstrate a potential misuse of the contract's functionality.",623,141,8.84888482093811
54,unchecked low level calls," Yes, the smart contract is vulnerable. The vulnerability lies in the use of the `call()` function in the `transfer()` function of the `demo` contract without checking its return value. This can allow the called contract to fail, but the execution of the `transfer()` function will continue, potentially leading to unwanted outcomes. In this specific case, the `LetsSuicide` contract can be used to drain the funds of the `demo` contract.",635,98,5.909978628158569
55,unchecked low level calls," Yes, the smart contract is vulnerable. The issue lies in the ""GetFreebie()"" function where the contract calls the external contract ""adr"" using the ""call.value()"" function without checking its return value. This can lead to the contract continuing execution even if the call fails, potentially allowing an attacker to drain the contract of funds. The use of the ""LetsSuicide"" and ""SuicideContract"" contracts in the example code provided is not directly related to the vulnerability in the ""Honey"" contract, but it does demonstrate the potential consequences of not properly handling contract calls and their return values.",2031,128,8.589850902557373
56,unchecked low level calls," YES, the code is vulnerable due to the unchecked call to an external contract in the makeOldFucks function. The return value of the call to fuck.call is not checked, which can lead to fail-opens and other unwanted outcomes. The addition of the LetsSuicide and SuicideContract contracts does not change the vulnerability in the RealOldFuckMaker contract.",645,82,4.991411447525024
57,unchecked low level calls," YES, The vulnerability lies in the Proxy contract's proxy function where the target.call.value(msg.value)(data) is executed without checking the return value. This can lead to the execution continuing even if the call fails, potentially allowing an attacker to exploit the contract.",952,63,4.3344268798828125
58,unchecked low level calls," Yes, the smart contract is vulnerable. The vulnerability lies in the use of the `call()` function in the `transfer()` function of the `airdrop` contract without checking its return value. This can allow the called contract to fail, but the execution of the `transfer()` function will continue, potentially leading to unwanted outcomes. In this specific case, the `LetsSuicide` contract can be used to drain the funds of the `airdrop` contract.",639,100,5.975343704223633
59,unchecked low level calls," YES, the vulnerability lies in the use of the low-level call function 'adr.call.value(msg.value)(data)' in the 'Command' function, which can lead to fail-opens and other unwanted outcomes if the return value is not checked.",2045,58,4.284887790679932
60,unchecked low level calls," YES, the Caller contract is vulnerable due to the unchecked use of the a.call() function. The return value of this function call is not checked, which can lead to unwanted outcomes if the called contract fails to execute properly. In the given example, the LetsSuicide contract can be used to drain the funds of the Caller contract if its constructor call fails.",436,80,5.001211404800415
61,unchecked low level calls," YES, the contract is vulnerable due to the use of the 'call' function without checking its return value. In the 'callFirstTarget' and 'callSecondTarget' functions, the contract calls an external contract and sends ether to it without checking the return value. If the external contract has a vulnerability or if it returns an error, the calling contract will continue executing and may not properly handle the failure, potentially leading to security issues or loss of funds.",2455,97,6.632761240005493
62,unchecked low level calls," Yes, the code is vulnerable. The vulnerability lies in the use of the low-level call function 'addr.call.value(0 wei)();' in the 'getTokens' function of the 'EtherGet' contract. The return value of this call is not checked, which can lead to unwanted outcomes if the call fails. In this case, the 'LetsSuicide' and 'SuicideContract' contracts can be used to exploit this vulnerability and drain the 'EtherGet' contract of its funds.",755,113,7.220577239990234
63,unchecked low level calls," YES, the smart contract is vulnerable due to the unchecked use of the `adr.call.value(msg.value)(data)` function in the `Command` function. This function call does not check the return value, which can lead to unwanted outcomes if the called contract fails to execute or returns an error. In the given example, an attacker could exploit this vulnerability by calling a malicious contract that drains the funds of the MultiplicatorX3 contract.",765,102,6.336012601852417
64,unchecked low level calls," YES, The vulnerability lies in the Proxy contract's proxy function where the target.call.value(msg.value)(data) is executed without checking its return value. This can lead to the execution continuing even if the call fails, potentially allowing an attacker to exploit the contract.",950,63,4.023682594299316
65,unchecked low level calls," Yes, the smart contract is vulnerable. The vulnerability is similar to the one in the previous example. In this case, the `transfer` function in the `airDrop` contract calls the `NukeContract` function in the `SuicideContract` contract using the `call` function without checking its return value. If the `NukeContract` function fails (for example, if it runs out of gas), the execution of the `transfer` function will continue, potentially allowing the attacker to drain the contract of funds.",686,111,7.1156086921691895
66,unchecked low level calls," YES, The vulnerability lies in the use of the low-level function call `_addr.call.value(_wei)` in the `WithdrawToHolder` function of the `TokenBank` contract. The return value of this call is not checked, which can lead to unwanted outcomes if the call fails.",1526,68,4.695235013961792
67,unchecked low level calls," YES, the vulnerability is similar to the one described earlier in the use of the 'call' function without checking its return value. In this case, the 'Command' function calls another contract's function with the 'call.value' function, but it does not check the return value. This can lead to unwanted outcomes if the called function fails.",1981,75,5.348667144775391
68,unchecked low level calls," Yes, the smart contract code is vulnerable. The vulnerability lies in the use of the 'call' function in the 'withdraw' function of the 'keepMyEther' contract, as well as the use of the 'new' keyword and 'value' function in the 'NukeContract' function of the 'SuicideContract'. These functions call external contracts and transfer funds without checking their return values, which can lead to the loss of funds if the called contract fails or returns an error. In the given example, the 'LetsSuicide' contract is created and called with the'msg.value' as an argument, and its constructor calls the'suicide' function of another contract, passing its address as an argument. This can potentially lead to the self-destruction of the 'keepMyEther' contract if it is the contract being passed as an argument to the'suicide' function.",590,190,11.957537651062012
69,unchecked low level calls," YES, the smart contract is vulnerable due to the unchecked use of the `adr.call.value(msg.value)(data)` function in the `Command` function. This function call does not check the return value, which can lead to fail-opens and other unwanted outcomes if the call fails. In the given example, an attacker could exploit this vulnerability by calling a malicious contract and draining the funds of the MultiplicatorX4 contract.",767,100,6.040321588516235
70,unchecked low level calls," Yes, the smart contract is vulnerable. The vulnerability is due to the unchecked return values of the external contract calls in the transfer function of the EBU contract. The LetsSuicide and SuicideContract contracts can be used to drain the EBU contract of funds by exploiting this vulnerability.",643,63,4.227489471435547
71,unchecked low level calls," YES, the code is vulnerable. The vulnerability lies in the use of the `call` function in the `sendMoney` function of the `SimpleWallet` contract without checking its return value. This can allow an attacker to call external contracts that may fail, but the execution will continue and potentially drain the contract of funds. In the given example, the `LetsSuicide` and `SuicideContract` contracts demonstrate this vulnerability. When the `NukeContract` function is called, it creates a new `LetsSuicide` contract and calls its constructor with the `Russian` address as an argument, which ultimately calls the `suicide` function, transferring all the funds to the `Russian` address. Since the return value of the `call` function is not checked, the execution continues even if the `LetsSuicide` contract construction fails, transferring all the funds to the attacker's intended target.",710,199,12.367713928222656
72,unchecked low level calls," YES, The vulnerability lies in the Proxy contract's proxy function where the target.call.value(msg.value)(data) is executed without checking the return value. This can lead to the execution continuing even if the call fails, potentially allowing an attacker to exploit the contract.",952,63,4.058612108230591
73,front running," Yes, the smart contract is vulnerable. The vulnerability lies in the contract ""SuicideContract"" and its function ""NukeContract"". By calling this function with a higher gas price, an attacker can preempt the original transaction and cause the contract to self-destruct with the attacker's address instead of the intended one. This is an example of a front-running attack.",720,82,5.315065383911133
74,front running," Yes, the smart contract is vulnerable. The vulnerability lies in the contract ""SuicideContract"" and its function ""NukeContract"". This function allows anyone to call it with an address and transfer all of that contract's ether to a new contract ""LetsSuicide"" which then immediately self-destructs, taking the ether with it. This can be exploited by an attacker to drain the ether of another contract. In the given contract ""FindThisHash"", the vulnerability is not directly present, but the ether reward in the ""solve"" function can be stolen using this vulnerability in the ""SuicideContract"".",649,137,8.675299882888794
75,front running," NO. The given smart contract code does not exhibit the vulnerability described in the prompt. The vulnerability described in the prompt is related to the ability of a malicious user to preempt a transaction by paying a higher gas fee, which is not present in the given code.",2157,57,4.243264198303223
76,front running," Yes, the smart contract is vulnerable. The vulnerability lies in the interaction between the OddsAndEvens contract and the SuicideContract. An attacker can create a SuicideContract contract with the address of the OddsAndEvens contract as an argument and call its NukeContract function with enough ether to pay for both the creation of the SuicideContract and the execution of its NukeContract function. This will cause the OddsAndEvens contract to be destroyed before the andTheWinnerIs function can be executed, resulting in one player not receiving their reward.

Additionally, the LetsSuicide contract is a simple contract that immediately calls the suicide function of the given address, which can be used to destroy any contract or address. This is not directly related to the vulnerability in the OddsAndEvens contract, but it is a potential security risk in the provided code.",988,191,10.752410888671875
77,arithmetic," The given smart contract code consists of three contracts: IntegerOverflowMappingSym1, LetsSuicide, and SuicideContract. The vulnerability lies in the IntegerOverflowMappingSym1 contract.

The answer is 'YES'. The vulnerability in the IntegerOverflowMappingSym1 contract is due to the use of unsigned integers and the '-=' operator in the init function. When the value of 'v' is larger than the value currently stored in the mapping for the key 'k', an integer overflow will occur, resulting in incorrect values being stored in the mapping. This can lead to unintended behavior or even security vulnerabilities.",456,132,7.688558340072632
78,arithmetic," Yes, the smart contract is vulnerable. The vulnerability is not directly related to the IntegerOverflowMul contract, but rather to the SuicideContract and its interaction with the IntegerOverflowMul contract. The NukeContract function in SuicideContract can be used to call the run function in IntegerOverflowMul with a large enough input value to cause an integer overflow, resulting in the loss of ether and potentially the entire contract's funds.",423,92,6.794673919677734
79,arithmetic," The second contract code you provided is not directly related to the first one and does not involve arithmetic overflows or underflows. However, I'll provide some context about the code you provided.

The code defines three contracts: Overflow_Add, LetsSuicide, and SuicideContract. The Overflow_Add contract has a function called add that takes a deposit parameter and adds it to the balance. The LetsSuicide contract has a constructor that calls the suicide function of another contract with the address passed as a parameter. The SuicideContract has a function called NukeContract that creates a new instance of the LetsSuicide contract and transfers the message value to it.

The code is not vulnerable to arithmetic overflows or underflows as there are no arithmetic operations in the provided code. However, the code does have other vulnerabilities. The LetsSuicide contract's constructor calls the suicide function of another contract with the address passed as a parameter, but it does not check if the contract has the suicide function or if it is even a contract. This can lead to the contract sending ether to a non-existent contract or even worse, an attacker. Additionally, the SuicideContract's NukeContract function creates a new instance of the LetsSuicide contract and transfers all ether to it, but it does not check if the address passed as a parameter is",413,301,18.219238758087158
80,arithmetic," Yes, the smart contract is vulnerable. The vulnerability lies in the contract ""IntegerOverflowMinimal"". The function ""run"" in this contract performs an arithmetic operation that can result in an integer overflow, leading to unintended contract behavior or security vulnerabilities. In this case, the contract's state variable ""count"" is being decremented by an input value that may be larger than the current value of ""count"", resulting in a negative value. This can lead to unintended contract behavior or security vulnerabilities.

The other contracts in the code (""LetsSuicide"" and ""SuicideContract"") are not directly related to the vulnerability in ""IntegerOverflowMinimal"" and do not contribute to the vulnerability. However, they do demonstrate poor contract design practices, such as constructors that immediately call external contracts and transfer all funds to them. These practices can lead to security vulnerabilities and should be avoided.",423,193,11.688999891281128
81,arithmetic," The TimeLock contract is vulnerable to integer overflows. In the function `increaseLockTime`, the `lockTime` mapping is being incremented by an unsigned integer `_secondsToIncrease`. If this value is large enough, it can cause an integer overflow, leading to incorrect values in the `lockTime` mapping. This can potentially be exploited to bypass the lock and withdraw funds before the intended time.

The given code snippets for LetsSuicide and SuicideContract are not related to the TimeLock contract and do not affect its vulnerability assessment.",728,124,7.923606872558594
82,arithmetic," Yes, the given smart contract is vulnerable. The vulnerability lies in the buy function where the require statement checks if msg.value equals numTokens * PRICE\_PER\_TOKEN. This check can lead to an integer overflow, allowing an attacker to buy more tokens than intended by providing less ether than required. Additionally, the contract does not check for the sufficient balance before transferring funds in the sell function, which can lead to a denial of service attack or theft. The LetsSuicide and SuicideContract contracts are not directly related to the vulnerability in the TokenSaleChallenge contract.",858,126,7.508772850036621
83,arithmetic," Yes, the smart contract is vulnerable. The vulnerability lies in the contract ""IntegerOverflowMultiTxMultiFuncFeasible"" in the function ""run(uint256 input)"". The line ""count -= input;"" can result in an arithmetic overflow, leading to incorrect contract behavior or potential security vulnerabilities.

The contract ""SuicideContract"" and its nested contract ""LetsSuicide"" are not directly related to the vulnerability in ""IntegerOverflowMultiTxMultiFuncFeasible"". However, it's important to note that the contract ""SuicideContract"" has a constructor that immediately calls ""suicide(address)"" with the address passed as an argument, which can lead to the contract being destroyed upon deployment. This is not related to the arithmetic overflow vulnerability in ""IntegerOverflowMultiTxMultiFuncFeasible"".",531,177,10.257123231887817
84,arithmetic," Yes, the smart contract is vulnerable. The vulnerability is not directly related to the IntegerOverflowBenign1 contract, but rather to the SuicideContract and its use of the LetsSuicide contract. The issue is that the SuicideContract's NukeContract function allows an attacker to pass an address and send ether to it, which is then used to call the constructor of the LetsSuicide contract, causing it to execute the suicide function and transfer all of its ether to the passed address. This can be exploited to drain the ether from the contract calling the NukeContract function.

The vulnerability is not directly related to arithmetic overflows or underflows, but rather to the lack of proper access control and the ability to call external contracts and transfer ether to them.",434,171,10.645139932632446
85,arithmetic," Yes, the smart contract is vulnerable. The vulnerability lies in the contract ""IntegerOverflowMultiTxOneFuncFeasible"". The function ""run"" in this contract performs an arithmetic operation (count -= input) without checking for overflows. This can lead to the value of ""count"" becoming negative, which may not be intended and could potentially cause unintended behavior or vulnerabilities.

The contract ""SuicideContract"" and its constructor function are not directly related to the vulnerability in ""IntegerOverflowMultiTxOneFuncFeasible"". However, it is important to note that the constructor function in ""SuicideContract"" calls the constructor of ""LetsSuicide"" and passes the address ""Russian"" as an argument, and then transfers the msg.value to it. This could potentially be used as a vector for attack if the ""Russian"" address is controlled by an attacker.",511,190,11.932634353637695
86,arithmetic," YES, the given smart contract is vulnerable. The vulnerability is not directly related to the IntegerOverflowSingleTransaction contract, but rather to the SuicideContract and its interaction with it. The SuicideContract's constructor calls the suicide function of another contract with the address passed as an argument, effectively transferring all of its ether to that contract and making it impossible for the SuicideContract to continue executing. This can be exploited by an attacker to drain the ether from the SuicideContract. The IntegerOverflowSingleTransaction contract itself is not directly vulnerable, but its functions can be called from within the SuicideContract, potentially leading to unintended consequences due to integer overflows or underflows.",852,149,9.420956134796143
87,arithmetic," The given smart contract code consists of multiple contracts: Token, LetsSuicide, and SuicideContract. I will evaluate the Token contract only, as the other contracts are not relevant to the vulnerability assessment.

The Token contract is not vulnerable based on the provided code. The vulnerability in the original code was due to the lack of checks for integer overflows and underflows in the transfer function. However, the given code includes the check:

require(balances[msg.sender] - _value >= 0);

This check ensures that the sender has sufficient balance to perform the transfer, preventing potential integer overflows and underflows. Therefore, the Token contract is not vulnerable.",695,149,8.763879299163818
88,arithmetic," The given smart contract code consists of three contracts: IntegerOverflowAdd, LetsSuicide, and SuicideContract. The vulnerability lies only in the IntegerOverflowAdd contract, not in the other two contracts.

The IntegerOverflowAdd contract is vulnerable because it performs an arithmetic operation (count += input) without checking for overflows. This can lead to unexpected behavior and potential security vulnerabilities.

Therefore, the answer is:

YES, the IntegerOverflowAdd contract is vulnerable due to arithmetic overflows.",421,115,6.750969409942627
89,arithmetic," The second contract code you provided is not directly related to the first one, and it is not the Overflow contract that was discussed earlier. However, I will evaluate the given contract code for potential vulnerabilities.

The contract code consists of three contracts: Overflow, LetsSuicide, and SuicideContract. The Overflow contract is the same as the one discussed earlier, and it is vulnerable to integer overflows.

The LetsSuicide contract has a constructor that calls the suicide function of another contract with the address passed as an argument. The suicide function is not shown in the code snippet, but it is assumed to be a function that can transfer all of its caller's ether to another address.

The SuicideContract has a NukeContract function that creates a new instance of the LetsSuicide contract and transfers the message value to it. The constructor of LetsSuicide calls the suicide function of another contract, which can potentially be malicious.

Since the Overflow contract is vulnerable to integer overflows, and the LetsSuicide contract can call potentially malicious contracts, the entire system is vulnerable. An attacker could exploit the Overflow contract to overflow the sellerBalance, and then use the LetsSuicide contract to call the malicious contract and drain the victim's funds.

Therefore, the answer is 'YES', and the vulnerability is due to the integer",445,301,18.127485036849976
90,arithmetic," The given code contains multiple contracts: IntegerOverflowAdd, LetsSuicide, and SuicideContract. I will evaluate the IntegerOverflowAdd contract for potential vulnerabilities.

The LetsSuicide and SuicideContract contracts do not seem to be related to the IntegerOverflowAdd contract, so I will not consider them in this analysis.

Regarding the IntegerOverflowAdd contract, the transfer function has a potential vulnerability. The line balanceOf[_to] += _value; may cause an integer overflow if the new balance of the recipient address exceeds the maximum value that can be represented by a uint256. This can lead to unexpected behavior or even contract failure.

Therefore, the answer is 'YES' and the vulnerability is due to the potential for integer overflows in the transfer function.",512,171,9.958588361740112
91,bad randomness," Yes, the smart contract is vulnerable. The vulnerability lies in the use of `blockhash` in the `settle` function of the `PredictTheBlockHashChallenge` contract. The `blockhash` function returns the hash of the most recent block, which is publicly available information. An attacker can easily predict the hash and submit a guess that matches it, allowing them to claim the reward even if they didn't make the correct guess.

The `LetsSuicide` and `SuicideContract` contracts are not related to the vulnerability in the `PredictTheBlockHashChallenge` contract and are not vulnerable on their own.",865,140,8.290179014205933
92,bad randomness," YES, the smart contract is vulnerable due to the use of block.number and msg.sender as sources of randomness in the chooseWinner() function. These values can be easily predicted, allowing an attacker to manipulate the contract.",2968,51,4.275505065917969
93,bad randomness," YES, the vulnerability lies in the use of the `rand()` function to determine the index for paying out unpaid entries. The `rand()` function uses the previous block's hash value and the contract's FACTOR constant to generate a random number. However, the block hash is not truly random and can be manipulated by miners. This means that an attacker could potentially predict the index that will be chosen and drain the contract of funds.",3219,98,7.107563018798828
94,bad randomness," Yes, the smart contract is vulnerable. The vulnerability lies in the use of block number to determine the winner of the lottery. The block number can be manipulated by miners, allowing them to predict the outcome of the lottery and potentially manipulate it to their advantage. This can lead to significant financial losses for the contract's users.",1018,72,4.8141748905181885
95,bad randomness," YES, The smart contract is vulnerable to Reentrancy attacks. The constructor of the GuessTheRandomNumberChallenge contract calls an external contract (LetsSuicide) and sends all the ether to it, leaving the contract with no funds and no way to prevent further calls. An attacker can call the NukeContract function of the SuicideContract contract, which in turn calls the GuessTheRandomNumberChallenge constructor, draining the contract of all its funds before the initial transaction is even processed.",689,109,8.08664083480835
96,bad randomness," The given smart contract code consists of three contracts: RandomNumberGenerator, LetsSuicide, and SuicideContract. I will evaluate the RandomNumberGenerator contract for vulnerabilities.

The RandomNumberGenerator contract is vulnerable. The vulnerability lies in the use of block.timestamp as the salt value. The block timestamp is publicly available and can be manipulated by miners. This can lead to predictable random numbers, which can be exploited.

The other contracts, LetsSuicide and SuicideContract, do not directly interact with the RandomNumberGenerator contract and are not relevant to the vulnerability assessment of the RandomNumberGenerator contract.",762,134,8.436835050582886
97,reentrancy," YES, the contract is vulnerable to reentrancy attacks. The vulnerability lies in the line where `msg.sender.call.value(_am)()` is executed inside the Collect function. This line allows the contract to call an external contract and transfer funds before the state of the contract is updated, leaving the contract vulnerable to reentrancy attacks.",1279,74,4.947793006896973
98,reentrancy," YES, the smart contract is vulnerable to a Reentrancy attack. The vulnerability is introduced by the call to `msg.sender.call.value(_weiToWithdraw)()` in the `withdrawFunds` function. This call allows the contract's state to be changed before the execution of the current function is complete, allowing an attacker to reenter the contract and drain its funds. The `LetsSuicide` and `SuicideContract` contracts are not directly related to the vulnerability in the `EtherStore` contract.",814,118,7.022881984710693
99,reentrancy," YES, the contract is vulnerable to reentrancy attacks. The vulnerability lies in the Collect function where the contract calls an external contract (msg.sender.call.value(_am)()) before updating the contract state (balances[msg.sender]-=_am). This allows an attacker to repeatedly call the Collect function and drain the contract of funds before the contract state is updated.",1351,82,5.511958122253418
100,reentrancy," YES, the Reentrance contract is vulnerable to reentrancy attacks. The vulnerability is in the ""withdraw"" function where the contract calls an external contract (msg.sender.call) before updating the contract state (balances[msg.sender] -= _amount). This allows an attacker to repeatedly call the ""withdraw"" function and drain the contract of funds before the contract state is updated. The attack is demonstrated in the ""SuicideContract"" where the ""NukeContract"" function calls the ""withdraw"" function of the Reentrance contract and then transfers the ether to another address, allowing the attacker to repeatedly call the ""withdraw"" function and drain the contract.",706,148,8.638876676559448
101,reentrancy," YES, the smart contract is vulnerable to a Reentrancy attack. The vulnerability is present in the `withdraw` function of the `SimpleDAO` contract, specifically in the line where the contract calls an external contract (`msg.sender.call.value(amount)()`). This call allows the external contract to call back into the `SimpleDAO` contract before the initial call has finished executing, potentially allowing the attacker to drain the contract of funds. In this specific example, the attacker could use the `SuicideContract` and `LetsSuicide` contracts to call the `NukeContract` function and then call the `withdraw` function on the `SimpleDAO` contract, allowing them to drain the contract's funds before the `withdraw` function has finished executing.",642,174,10.80777382850647
102,reentrancy," YES, the contract is vulnerable to reentrancy attacks. The vulnerability lies in the line where `msg.sender.call.value(_am)()` is executed inside the Collect function. This line allows the contract to call an external contract's function and transfer ether to it before the Collect function's execution is complete. An attacker can exploit this by calling the Collect function multiple times, draining the contract of funds before the balance is updated.",1275,98,6.835688829421997
103,reentrancy," YES, the contract is vulnerable to reentrancy attacks. The vulnerability lies in the Collect function where the contract calls an external contract (msg.sender.call.value(_am)) before updating the state of the contract (acc.balance-=_am). This allows an attacker to repeatedly call the Collect function and drain the contract of funds before the state update is completed.",1485,79,5.086166620254517
104,reentrancy," YES, the smart contract is vulnerable to a Reentrancy attack. The vulnerability lies in the `getFirstWithdrawalBonus` function of the `Reentrancy_bonus` contract. After the `withdrawReward` function is called, the contract state is changed, but the transaction has not yet been mined into a block. An attacker can call the `getFirstWithdrawalBonus` function again before the first transaction is mined, allowing them to claim the bonus multiple times.

The `LetsSuicide` and `SuicideContract` contracts are not directly related to the vulnerability in the `Reentrancy_bonus` contract and do not affect its security.",797,151,9.241233348846436
105,reentrancy," YES, the contract is vulnerable to reentrancy attacks. The vulnerability lies in the Collect function where the contract calls an external contract (msg.sender.call.value(_am)) before updating the account balance. This allows an attacker to repeatedly call the Collect function and drain the contract of funds before the balance update takes effect.",1481,70,4.561173677444458
106,reentrancy," YES, The vulnerability lies in the Collect function, specifically the line ""if(msg.sender.call.value(_am)())"". This line allows the contract to call an external contract and continue the execution of the Collect function before the external call has finished. This creates an opportunity for a reentrancy attack, where an attacker can call the Collect function, call an external contract that drains the contract's funds, and then complete the Collect function, resulting in the contract transferring funds to the attacker instead of the intended recipient.",1461,114,7.009176015853882
107,reentrancy," YES, the contract is vulnerable to reentrancy attacks. The vulnerability lies in the line where `msg.sender.call.value(_am)()` is executed inside the Collect function. This line allows the contract to call an external contract and transfer funds before the state of the contract is updated, leaving the contract vulnerable to reentrancy attacks.",1279,74,5.074037790298462
108,reentrancy," YES, the vulnerability is due to the use of the `.call.value()` function in the `WithdrawToHolder` function, which allows for reentrancy attacks as explained in the previous response. The `.call.value()` function allows the contract to call another contract and send ether to it, but it does not wait for the called contract to finish executing before continuing. This means that if the called contract changes the state of the calling contract (for example, by transferring ether to another address), the calling contract may not reflect these changes when it continues executing. This can lead to vulnerabilities, such as the ability to drain the calling contract of funds. In the given code, an attacker could call the `NukeContract` function of the `SuicideContract` contract, which would then call the `WithdrawToHolder` function of the `TokenBank` contract and send ether to the attacker's address, allowing the attacker to drain the `TokenBank` contract of funds.",1405,218,13.634340047836304
109,reentrancy," YES, this contract is vulnerable to a Reentrancy attack. The vulnerability lies in the `attack` contract's `supportsToken()` function, where the `airDrop()` function call in the `if` statement allows the contract state to be changed in the middle of the function execution. This can allow an attacker to repeatedly call the `supportsToken()` function and drain the contract of funds. The `LetsSuicide` and `SuicideContract` contracts are not directly related to the vulnerability and are likely included for other purposes.",994,120,7.692502021789551
110,reentrancy," YES, the smart contract is vulnerable to Reentrancy attacks. The vulnerability lies in the CashOut function, specifically the line where msg.sender.call.value(_am)() is used. This allows the attacker to call external contracts and reenter the CashOut function before the initial execution is complete, potentially draining the contract of funds.",1241,74,4.743391990661621
111,reentrancy," YES, the contract is vulnerable to reentrancy attacks. The vulnerability lies in the Collect function where the contract calls an external contract (msg.sender.call.value(_am)()) before updating the contract state (balances[msg.sender]-=_am). This allows an attacker to repeatedly call the Collect function and drain the contract of funds before the contract state is updated.",1453,82,5.834289789199829
112,reentrancy," YES, The ReentrancyDAO contract is vulnerable to reentrancy attacks due to the use of the `call.value()` function in the `withdrawAll()` function. This function allows the called contract to make new calls to the ReentrancyDAO contract before the initial call has completed, allowing for the attacker to manipulate the contract state and potentially drain the contract of funds. The use of the `call.value()` function in this context is not recommended due to this vulnerability.",677,108,6.57833194732666
113,reentrancy," YES, the smart contract is vulnerable to a Reentrancy attack. The vulnerability lies in the `withdrawBalance()` function of the `EtherBank` contract, specifically the line `if (!(msg.sender.call.value(amountToWithdraw)())) { throw; }`. This line allows the contract to continue executing even if the external call made by `msg.sender.call.value(amountToWithdraw)` fails, which can be exploited by an attacker to reenter the contract and drain its funds before the original transaction is completed.

The `LetsSuicide` and `SuicideContract` contracts are not directly related to the vulnerability in the `EtherBank` contract, but they can be used to exploit it. The `NukeContract` function in the `SuicideContract` contract can be used to call the `withdrawBalance()` function in the `EtherBank` contract with a large withdrawal amount, and then throw an exception to fail the transaction. This will allow the attacker to reenter the `withdrawBalance()` function and drain the contract of its funds before the original transaction is completed.",678,248,14.17739725112915
114,reentrancy," YES, the smart contract is vulnerable to Reentrancy attacks. The vulnerability lies in the CashOut function, specifically the line where msg.sender.call.value(_am)() is used. This allows the attacker to call external contracts and reenter the CashOut function before the initial execution is complete, potentially draining the contract of funds.",1193,74,4.9708921909332275
115,reentrancy," YES, The vulnerability lies in the CashOut function's use of msg.sender.call.value(_am)() which allows for reentrancy attacks. The attacker can call the CashOut function, then call another contract that drains the contract's funds, and then the original CashOut call will continue and transfer the remaining funds to the attacker.",1191,78,5.236555099487305
116,reentrancy," YES, the contract is vulnerable to reentrancy attacks. The vulnerability lies in the line where `msg.sender.call.value(_am)()` is executed inside the Collect function. This line allows the contract to call an external contract's function and transfer ether to it before the Collect function's execution is complete. An attacker can exploit this by calling the Collect function multiple times, draining the contract of funds before the balance is updated.",1271,98,6.372098207473755
117,reentrancy," YES, the smart contract is vulnerable to a Reentrancy attack. The vulnerability lies in the `withdrawBalance()` function of the `Reentrancy_cross_function` contract, specifically the line where the contract calls an external contract (`msg.sender.call`). This call allows the external contract to call the `transfer()` function of the `Reentrancy_cross_function` contract before the `withdrawBalance()` function has finished executing, allowing for the attacker to reenter the contract and drain the funds.

In the given example, the `SuicideContract` contract can be used to exploit the vulnerability in the `Reentrancy_cross_function` contract by calling the `NukeContract()` function with the address of the `Reentrancy_cross_function` contract as an argument and sending it some ether. The `NuiceContract()` function will then create a new instance of the `LetsSuicide` contract and call its constructor with the address of the `Reentrancy_cross_function` contract as an argument, which will cause the `withdrawBalance()` function to be called and the attacker to be able to reenter the contract and drain its funds.",724,265,16.583857774734497
118,reentrancy," YES, the Reentrance contract is vulnerable to reentrancy attacks. The vulnerability is in the `withdrawBalance` function where the contract calls an external contract (`msg.sender.call.value(userBalance[msg.sender])()`) before updating the contract state (setting `userBalance[msg.sender] = 0`). This allows an attacker to call the `withdrawBalance` function multiple times before the contract state is updated, draining the contract of funds.

The `LetsSuicide` and `SuicideContract` contracts are not directly related to the vulnerability in the `Reentrance` contract and do not affect its security.",656,144,8.413827657699585
119,reentrancy," YES, the vulnerability is due to the use of the `msg.sender.call.value(_am)()` function call within the `CashOut` function. This allows for reentrancy attacks, as the contract state can be changed in the middle of the execution due to the call to an external contract.",1309,68,3.835085868835449
120,reentrancy," YES, The vulnerability lies in the CashOut function's use of msg.sender.call.value(_am)() which allows for reentrancy attacks. An attacker can call the CashOut function, then call another contract that drains the contract's funds, and then the original CashOut call will continue and deduct the funds from the sender's balance, allowing the attacker to gain more funds than intended.",1159,91,5.985314130783081
121,reentrancy," YES, the contract is vulnerable to reentrancy attacks. The vulnerability lies in the Collect function where the contract calls an external contract (msg.sender.call) and transfers funds before updating the contract state. This allows an attacker to call the Collect function multiple times before the initial execution is complete, draining the contract of funds.",1349,72,4.579309463500977
122,reentrancy," YES, the vulnerability lies in the CashOut function's use of msg.sender.call.value(_am)() in line 37. This allows for reentrancy attacks, as the contract state can be changed in the middle of the execution due to an external call.",1175,61,4.025134086608887
123,reentrancy," YES, the contract is vulnerable to reentrancy attacks. The vulnerability lies in the line where `msg.sender.call.value(_am)()` is executed inside the Collect function. This line allows the contract to call an external contract's function and transfer ether to it before the Collect function's execution is complete. An attacker can exploit this by calling the Collect function multiple times, draining the contract of funds before the balance is updated.",1275,98,6.115993022918701
124,reentrancy," YES, the smart contract is vulnerable to reentrancy attacks. The vulnerability lies in the CashOut function, specifically the line where msg.sender.call.value(_am)() is used. This allows the attacker to call external contracts and reenter the CashOut function before the initial execution is complete, potentially draining the contract of funds.",1159,74,5.099483489990234
125,reentrancy," YES, the contract is vulnerable to reentrancy attacks. The vulnerability lies in the Collect function where the contract calls an external contract (msg.sender.call.value(_am)()) before updating the contract state (balances[msg.sender]-=_am). This allows an attacker to repeatedly call the Collect function and drain the contract of funds before the contract state is updated.",1351,82,5.55851674079895
126,reentrancy," YES, The Reentrancy_insecure contract is vulnerable to reentrancy attacks. The vulnerability is similar to the one in the first code snippet provided. The contract allows the caller to call external contracts and then modify the contract state based on the result of that call. If the external contract call results in a failure, the contract state will be modified based on that failed call, potentially allowing an attacker to drain the contract of funds. In this specific case, the contract's `withdrawBalance` function is being called from within the `NukeContract` function of the `SuicideContract`, making it vulnerable to reentrancy attacks.",603,137,8.046377897262573
127,time manipulation," YES, the first contract is vulnerable to timestamp manipulation. The vulnerability lies in the `isSaleFinished()` function that relies on the `block.timestamp` value, which can be manipulated by miners. This can allow them to execute functions or transfer funds even if the sale is supposed to be finished.",495,70,4.274229049682617
128,time manipulation," Yes, the smart contract is vulnerable. The vulnerability lies in the use of `block.timestamp` as a source of randomness in the `randomGen()` function, which is then used in the `payOut()` function to determine if a payout should be made. As explained in the previous answer, the `block.timestamp` value can be manipulated by miners, allowing them to potentially trigger payouts at will. Additionally, the contract includes a separate contract `SuicideContract` that can be used to call a `NukeContract()` function to self-destruct the contract, which could be exploited if the contract contains significant funds or other valuable assets.",770,143,9.115151405334473
129,time manipulation," YES, the vulnerability lies in the use of `block.timestamp` in the `lastInvestmentTimestamp` variable in the `invest()` function. This can be manipulated by miners, allowing them to reset the investment earlier than intended.",1048,55,3.7525501251220703
130,time manipulation," Yes, the smart contract is vulnerable. The vulnerability lies in the use of `now` in the `Roulette` contract without proper consideration of its potential manipulation by miners. In the `LetsSuicide` and `SuicideContract` contracts, this vulnerability is exploited to transfer the contract's balance to an attacker's address.",622,77,4.708716154098511
131,time manipulation," YES, the smart contract is vulnerable due to the use of block.timestamp in generating random numbers. The block timestamp can be manipulated by miners, allowing them to predict the outcome of the contract. In this case, the contract uses the SHA3 hash of the block timestamp to generate a random number, but this is still vulnerable to manipulation.",832,73,4.896437406539917
132,short addresses," The given smart contract code is not directly related to the vulnerability described in the previous question. The vulnerability described in the previous question is related to the interaction between clients and the Ethereum blockchain, and is not a vulnerability in the given smart contract code.

The given smart contract code does not appear to be vulnerable based on the information provided. However, it is always a good idea to thoroughly audit any smart contract code before deploying it to the Ethereum blockchain. The steps outlined in the previous answer can be used as a guide for auditing the given contract code.

The contract code appears to be a simple token contract with a `sendCoin` function that allows users to transfer tokens to other addresses. The contract also includes a `getBalance` function that allows users to view their token balance. There do not appear to be any obvious vulnerabilities in the code. However, it is always a good idea to carefully review the code and follow best practices for writing secure smart contracts.",842,209,12.794180631637573
133,denial of service," Yes, the smart contract code is vulnerable. The vulnerability lies in the contract ""SuicideContract"" and its function ""NukeContract"". This function allows anyone to call the self-destruct function of another contract by sending ether to the ""NukeContract"" function. This can be used to take down critical smart contracts, causing a denial of service. In the given code, the contract ""SuicideContract"" is instantiated and its constructor calls the self-destruct function of another contract, passing the address as an argument. This can be exploited to cause a denial of service.",801,128,7.639394760131836
134,denial of service," Yes, the smart contract code is vulnerable. The vulnerability lies in the contract ""SuicideContract"" and its function ""NukeContract"". This function allows anyone to call the self-destruct function of another contract by sending ether to the ""NukeContract"" function. This can be used to cause a denial of service by deleting critical smart contracts.",932,78,5.249830961227417
135,denial of service," NO. The given smart contract code does not exhibit any obvious vulnerabilities related to denial of service attacks. However, it does contain other issues, such as the contract constructor calling an external function (suicide) and then immediately self-destructing, which could potentially be exploited. It is also worth noting that the contract's name is ""Government,"" which raises concerns about its intended use and potential regulatory implications.",2320,89,5.903156280517578
136,denial of service," Yes, the smart contract code is vulnerable. The vulnerability lies in the contract ""SuicideContract"" and its function ""NukeContract"". This function allows anyone to call it with an address and send ether to it, which in turn calls the constructor of the ""LetsSuicide"" contract with that address as an argument, effectively allowing anyone to suicide any contract they want. This can be used for denial of service attacks or other malicious purposes.",816,96,6.257308483123779
137,denial of service," Yes, the smart contract is vulnerable. The vulnerability lies in the contract ""DosOneFunc"". The function ""ifillArray()"" allows users to add their address to an array with a limit of 1500 addresses. However, there is no check to ensure that each address is added only once. This allows an attacker to repeatedly call the function and add their address multiple times, consuming a significant amount of gas and potentially denying service to other users.

Additionally, the contract ""SuicideContract"" contains a vulnerability as well. The constructor of the contract immediately calls the ""NukeContract"" function with the address passed as an argument, effectively suicideing the contract and sending all its funds to the passed address. This can be exploited by an attacker to steal funds from the contract.",648,172,9.962388515472412
138,denial of service," Yes, the smart contract is vulnerable. The vulnerability lies in the contract ""SuicideContract"" and its function ""NukeContract"". This function creates a new instance of the ""LetsSuicide"" contract and passes the address of the target contract as an argument. The constructor of ""LetsSuicide"" contract then calls the ""suicide"" function of the target contract, effectively allowing anyone to forcefully terminate any contract by creating a new instance of ""LetsSuicide"" contract and passing the target contract's address as an argument. This is a classic example of a Reentrancy Attack.",634,128,8.110771894454956
