blind_name,yes_yes,yes_no,no_yes,no_no,blind_rate
correct-a-binary-tree-Solution.correctBinaryTree,2,80,2,16,0.975609756097561
minimum-moves-to-move-a-box-to-their-target-location-Solution.minPushBox,2,80,2,16,0.975609756097561
strong-password-checker-ii-Solution.strongPasswordCheckerII,2,80,0,18,0.975609756097561
minimum-distance-to-the-target-element-Solution.getMinDistance,3,79,1,17,0.9634146341463414
number-of-ways-to-reach-a-position-after-exactly-k-steps-Solution.numberOfWays,3,79,1,17,0.9634146341463414
escape-a-large-maze-Solution.isEscapePossible,4,78,0,18,0.9512195121951219
find-a-corresponding-node-of-a-binary-tree-in-a-clone-of-that-tree-Solution.getTargetCopy,4,78,0,18,0.9512195121951219
sum-game-Solution.sumGame,4,78,1,17,0.9512195121951219
count-the-number-of-houses-at-a-certain-distance-ii-Solution.countOfPairs,5,77,1,17,0.9390243902439024
find-first-and-last-position-of-element-in-sorted-array-Solution.searchRange,5,77,2,16,0.9390243902439024
number-of-single-divisor-triplets-Solution.singleDivisorTriplet,5,77,0,18,0.9390243902439024
number-of-unique-good-subsequences-Solution.numberOfUniqueGoodSubsequences,5,77,0,18,0.9390243902439024
the-earliest-and-latest-rounds-where-players-compete-Solution.earliestAndLatest,5,77,2,16,0.9390243902439024
incremental-memory-leak-Solution.memLeak,6,76,3,15,0.926829268292683
maximum-number-of-ones-Solution.maximumNumberOfOnes,6,76,1,17,0.926829268292683
k-concatenation-maximum-sum-Solution.kConcatenationMaxSum,7,75,0,18,0.9146341463414634
maximum-sum-obtained-of-any-permutation-Solution.maxSumRangeQuery,7,75,0,18,0.9146341463414634
maximum-sum-of-subsequence-with-non-adjacent-elements-Solution.maximumSumSubsequence,7,75,2,16,0.9146341463414634
maximum-value-at-a-given-index-in-a-bounded-array-Solution.maxValue,7,75,2,16,0.9146341463414634
path-with-maximum-probability-Solution.maxProbability,7,75,2,16,0.9146341463414634
double-modular-exponentiation-Solution.getGoodIndices,8,74,0,18,0.9024390243902439
find-nearest-right-node-in-binary-tree-Solution.findNeartestRightNode,8,74,1,17,0.9024390243902439
mean-of-array-after-removing-some-elements-Solution.trimMean,8,74,0,18,0.9024390243902439
sell-diminishing-valued-colored-balls-Solution.maxProfit,8,74,0,18,0.9024390243902439
time-taken-to-cross-the-door-Solution.timeTaken,8,74,1,17,0.9024390243902439
determine-if-two-strings-are-close-Solution.closeStrings,9,73,2,16,0.8902439024390244
get-biggest-three-rhombus-sums-in-a-grid-Solution.getBiggestThree,9,73,0,18,0.8902439024390244
kth-smallest-instructions-Solution.kthSmallestPath,9,73,1,17,0.8902439024390244
maximum-product-of-the-length-of-two-palindromic-subsequences-Solution.maxProduct,9,73,0,18,0.8902439024390244
minimum-cost-homecoming-of-a-robot-in-a-grid-Solution.minCost,9,73,0,18,0.8902439024390244
minimum-swaps-to-make-strings-equal-Solution.minimumSwap,9,73,0,18,0.8902439024390244
shortest-bridge-Solution.shortestBridge,9,73,2,16,0.8902439024390244
smallest-k-length-subsequence-with-occurrences-of-a-letter-Solution.smallestSubsequence,9,73,2,16,0.8902439024390244
traffic-light-controlled-intersection-TrafficLight.carArrived,9,73,1,17,0.8902439024390244
count-k-subsequences-of-a-string-with-maximum-beauty-Solution.countKSubsequencesWithMaxBeauty,10,72,3,15,0.8780487804878049
create-binary-tree-from-descriptions-Solution.createBinaryTree,10,72,0,18,0.8780487804878049
decoded-string-at-index-Solution.decodeAtIndex,10,72,0,18,0.8780487804878049
find-the-largest-palindrome-divisible-by-k-Solution.largestPalindrome,10,72,1,17,0.8780487804878049
kth-missing-positive-number-Solution.findKthPositive,10,72,1,17,0.8780487804878049
get-watched-videos-by-your-friends-Solution.watchedVideosByFriends,11,71,0,18,0.8658536585365854
longest-subsequence-repeated-k-times-Solution.longestSubsequenceRepeatedK,11,71,0,18,0.8658536585365854
minimize-rounding-error-to-meet-target-Solution.minimizeError,11,71,2,16,0.8658536585365854
minimum-time-to-type-word-using-special-typewriter-Solution.minTimeToType,11,71,0,18,0.8658536585365854
shortest-path-in-a-grid-with-obstacles-elimination-Solution.shortestPath,11,71,1,17,0.8658536585365854
the-dining-philosophers-DiningPhilosophers.wantsToEat,11,71,0,18,0.8658536585365854
unique-paths-iii-Solution.uniquePathsIII,11,71,4,14,0.8658536585365854
check-if-move-is-legal-Solution.checkMove,12,70,0,18,0.8536585365853658
count-sorted-vowel-strings-Solution.countVowelStrings,12,70,1,17,0.8536585365853658
digit-count-in-range-Solution.digitsCount,12,70,1,17,0.8536585365853658
find-edges-in-shortest-paths-Solution.findAnswer,12,70,1,17,0.8536585365853658
game-of-life-Solution.gameOfLife,12,70,1,17,0.8536585365853658
k-similar-strings-Solution.kSimilarity,12,70,2,16,0.8536585365853658
maximize-number-of-nice-divisors-Solution.maxNiceDivisors,12,70,0,18,0.8536585365853658
distribute-repeating-integers-Solution.canDistribute,13,69,0,18,0.8414634146341463
merge-bsts-to-create-single-bst-Solution.canMerge,13,69,1,17,0.8414634146341463
stone-game-ix-Solution.stoneGameIX,13,69,3,15,0.8414634146341463
the-number-of-good-subsets-Solution.numberOfGoodSubsets,13,69,3,15,0.8414634146341463
check-if-a-word-occurs-as-a-prefix-of-any-word-in-a-sentence-Solution.isPrefixOfWord,14,68,2,16,0.8292682926829268
determine-if-two-events-have-conflict-Solution.haveConflict,14,68,0,18,0.8292682926829268
minimum-path-cost-in-a-hidden-grid-Solution.findShortestPath,14,68,3,15,0.8292682926829268
smallest-integer-divisible-by-k-Solution.smallestRepunitDivByK,14,68,1,17,0.8292682926829268
minimum-cost-to-equalize-array-Solution.minCostToEqualizeArray,15,67,1,17,0.8170731707317073
minimum-cost-walk-in-weighted-graph-Solution.minimumCost,15,67,1,17,0.8170731707317073
number-of-ways-to-separate-numbers-Solution.numberOfCombinations,15,67,3,15,0.8170731707317073
strings-differ-by-one-character-Solution.differByOne,15,67,0,18,0.8170731707317073
maximum-star-sum-of-a-graph-Solution.maxStarSum,16,66,1,17,0.8048780487804879
count-days-spent-together-Solution.countDaysTogether,17,65,0,18,0.7926829268292683
execution-of-all-suffix-instructions-staying-in-a-grid-Solution.executeInstructions,17,65,2,16,0.7926829268292683
guess-the-number-using-bitwise-questions-i-Solution.findNumber,17,65,0,18,0.7926829268292683
maximum-score-from-removing-substrings-Solution.maximumGain,17,65,5,13,0.7926829268292683
minimum-adjacent-swaps-to-reach-the-kth-smallest-number-Solution.getMinSwaps,17,65,0,18,0.7926829268292683
verbal-arithmetic-puzzle-Solution.isSolvable,17,65,0,18,0.7926829268292683
duplicate-zeros-Solution.duplicateZeros,18,64,0,18,0.7804878048780488
maximum-employees-to-be-invited-to-a-meeting-Solution.maximumInvitations,18,64,1,17,0.7804878048780488
count-of-sub-multisets-with-bounded-sum-Solution.countSubMultisets,19,63,1,17,0.7682926829268293
find-all-good-strings-Solution.findGoodStrings,21,61,0,18,0.7439024390243902
find-the-occurrence-of-first-almost-equal-substring-Solution.minStartingIndex,21,61,0,18,0.7439024390243902
number-of-subarrays-that-match-a-pattern-ii-Solution.countMatchingSubarrays,21,61,0,18,0.7439024390243902
sum-of-digits-in-base-k-Solution.sumBase,21,61,1,17,0.7439024390243902
k-highest-ranked-items-within-a-price-range-Solution.highestRankedKItems,22,60,4,14,0.7317073170731707
minimum-non-zero-product-of-the-array-elements-Solution.minNonZeroProduct,22,60,1,17,0.7317073170731707
find-substring-with-given-hash-value-Solution.subStrHash,23,59,0,18,0.7195121951219512
maximum-number-of-upgradable-servers-Solution.maxUpgrades,24,58,0,18,0.7073170731707317
erect-the-fence-ii-Solution.outerTrees,25,57,4,14,0.6951219512195121
find-all-possible-recipes-from-given-supplies-Solution.findAllRecipes,25,57,2,16,0.6951219512195121
maximize-score-of-numbers-in-ranges-Solution.maxPossibleScore,25,57,1,17,0.6951219512195121
merge-sorted-array-Solution.merge,26,56,0,18,0.6829268292682927
minimum-time-to-revert-word-to-initial-state-ii-Solution.minimumTimeToInitialState,27,55,5,13,0.6707317073170732
wiggle-sort-ii-Solution2.wiggleSort,27,55,3,15,0.6707317073170732
prime-palindrome-Solution.primePalindrome,28,54,1,17,0.6585365853658537
robot-room-cleaner-Solution.cleanRoom,31,51,0,18,0.6219512195121951
sort-colors-Solution.sortColors,31,51,1,17,0.6219512195121951
minimum-number-of-operations-to-make-string-sorted-Solution.makeStringSorted,32,50,0,18,0.6097560975609756
reverse-string-Solution.reverseString,32,50,2,16,0.6097560975609756
erect-the-fence-Solution.outerTrees,35,47,6,12,0.573170731707317
remove-methods-from-project-Solution.remainingMethods,41,41,4,14,0.5
handling-sum-queries-after-update-Solution.handleQuery,44,38,4,14,0.4634146341463415
set-matrix-zeroes-Solution.setZeroes,44,38,5,13,0.4634146341463415
count-of-integers-Solution.count,48,34,4,14,0.4146341463414634
surrounded-regions-Solution.solve,62,20,5,13,0.24390243902439024
